ctd/data/2024/seabird/Flaskebekk.cnv
* Sea-Bird SBE 9 Data File:
* FileName = C:\CTD Brukere\UiO Kurs\Geo kurs 2024\Flaskebekk.hex
* Software Version Seasave V 7.26.7.121
* Temperature SN = 5352
* Conductivity SN = 3840
* Number of Bytes Per Scan = 38
* Number of Voltage Words = 5
* Number of Scans Averaged by the Deck Unit = 1
* NMEA Latitude = 59 51.99 N
* NMEA Longitude = 010 38.79 E
* NMEA UTC (Time) = Apr 18 2024 07:34:58
* NMEA baud rate = 4800
** Ship: R/V Trygve Braarud
** Cruise:
** Station:
** Operator:
# nquan = 15
# nvalues = 4073                                  
# units = specified
# name 0 = depSM: Depth [salt water, m]
# name 1 = t090C: Temperature [ITS-90, deg C]
# name 2 = sal00: Salinity, Practical [PSU]
# name 3 = sigma-t00: Density [sigma-t, kg/m^3 ]
# name 4 = flSP: Fluorescence, Seapoint
# name 5 = seaTurbMtr: Turbidity, Seapoint [FTU]
# name 6 = svCM: Sound Velocity [Chen-Millero, m/s]
# name 7 = sbeox0PS: Oxygen, SBE 43 [% saturation]
# name 8 = sbeox0Mg/L: Oxygen, SBE 43 [mg/l]
# name 9 = timeJ: Julian Days
# name 10 = oxsatML/L: Oxygen Saturation, Weiss [ml/l]
# name 11 = prDM: Pressure, Digiquartz [db]
# name 12 = wetStar: Fluorescence, WET Labs WETstar [mg/m^3]
# name 13 = c0mS/cm: Conductivity [mS/cm]
# name 14 = flag:  0.000e+00
# span 0 =      0.073,     60.847                 
# span 1 =     4.0470,     7.7069                 
# span 2 =     1.9331,    32.7050                 
# span 3 =     1.4944,    25.5170                 
# span 4 = 8.5470e-02, 1.8193e+00                 
# span 5 =      0.857,     22.667                 
# span 6 =    1431.38,    1479.45                 
# span 7 =     48.457,     84.236                 
# span 8 =     4.7622,     9.0424                 
# span 9 = 109.318646, 109.320610                 
# span 10 =    6.75159,    8.68281                
# span 11 =      0.073,     61.434                
# span 12 =    -0.3000,     3.5767                
# span 13 =   2.317993,  33.826042                
# span 14 = 0.0000e+00, 0.0000e+00                
# interval = seconds: 0.0416667
# start_time = Apr 18 2024 07:38:51 [System UTC, first data scan.]
# bad_flag = -9.990e-29
*END*
[from data line 482]
      3.881     6.2196    22.4503    17.6322 1.0134e+00      1.179    1459.91     78.022     8.3279 109.318878    7.47379      3.918     2.8746  23.107330  0.000e+00
      3.892     6.2111    22.4555    17.6372 1.0012e+00      1.179    1459.88     78.026     8.3297 109.318879    7.47508      3.929     2.8746  23.106908  0.000e+00
      3.916     6.1983    22.4660    17.6466 1.2454e+00      1.158    1459.84     78.097     8.3393 109.318879    7.47689      3.954     2.8746  23.108759  0.000e+00
      3.928     6.1926    22.4727    17.6525 1.3065e+00      1.150    1459.83     78.090     8.3393 109.318880    7.47758      3.965     2.8441  23.111561  0.000e+00
      3.941     6.1853    22.4813    17.6600 1.1844e+00      1.158    1459.81     78.073     8.3384 109.318880    7.47848      3.978     2.8441  23.115156  0.000e+00
      3.963     6.1774    22.4889    17.6668 1.0745e+00      1.158    1459.78     78.133     8.3461 109.318881    7.47953      4.001     2.8441  23.117430  0.000e+00
      3.976     6.1710    22.4947    17.6719 1.0256e+00      1.172    1459.77     78.117     8.3453 109.318881    7.48040      4.014     2.8441  23.118910  0.000e+00
      3.975     6.1652    22.4989    17.6758 9.6459e-01      1.201    1459.75     78.089     8.3433 109.318882    7.48126      4.013     2.8441  23.119175  0.000e+00
      4.012     6.1590    22.5027    17.6794 9.4017e-01      1.231    1459.73     78.063     8.3415 109.318882    7.48220      4.050     2.8441  23.118859  0.000e+00
      4.023     6.1557    22.5057    17.6820 9.7680e-01      1.223    1459.72     78.102     8.3461 109.318883    7.48264      4.062     2.8136  23.119652  0.000e+00
      4.048     6.1540    22.5089    17.6847 9.7680e-01      1.187    1459.72     78.076     8.3435 109.318883    7.48279      4.086     2.8136  23.121608  0.000e+00
      4.048     6.1522    22.5126    17.6879 9.4017e-01      1.172    1459.71     78.051     8.3410 109.318884    7.48294      4.086     2.8136  23.124040  0.000e+00
      4.083     6.1345    22.5286    17.7022 9.6459e-01      1.179    1459.66     78.099     8.3488 109.318884    7.48537      4.122     2.7830  23.128007  0.000e+00
      4.083     6.1077    22.5526    17.7237 9.7680e-01      1.223    1459.58     78.008     8.3431 109.318885    7.48905      4.122     2.8136  23.133825  0.000e+00
      4.117     6.0985    22.5658    17.7349 9.7680e-01      1.216    1459.56     77.968     8.3399 109.318885    7.49008      4.156     2.8136  23.140436  0.000e+00
      4.143     6.0902    22.5789    17.7460 1.0134e+00      1.201    1459.54     77.994     8.3437 109.318886    7.49093      4.183     2.8441  23.147577  0.000e+00
      4.154     6.0781    22.5956    17.7604 9.7680e-01      1.201    1459.51     77.958     8.3413 109.318886    7.49231      4.194     2.8136  23.155670  0.000e+00
      4.154     6.0643    22.6133    17.7757 1.0012e+00      1.187    1459.48     77.990     8.3466 109.318886    7.49395      4.194     2.8441  23.163659  0.000e+00
      4.203     6.0475    22.6331    17.7929 1.0501e+00      1.158    1459.44     77.960     8.3456 109.318887    7.49603      4.243     2.8441  23.171702  0.000e+00
      4.214     6.0259    22.6556    17.8127 1.0867e+00      1.143    1459.38     77.921     8.3445 109.318887    7.49885      4.254     2.8136  23.179323  0.000e+00
      4.192     6.0054    22.6773    17.8318 1.1233e+00      1.143    1459.32     77.961     8.3517 109.318888    7.50151      4.232     2.8136  23.186785  0.000e+00
      4.297     5.9850    22.6999    17.8515 1.1355e+00      1.128    1459.27     77.939     8.3521 109.318888    7.50411      4.338     2.8441  23.195149  0.000e+00
      4.274     5.9680    22.7196    17.8687 1.1477e+00      1.121    1459.22     77.905     8.3508 109.318889    7.50624      4.315     2.8136  23.202878  0.000e+00
      4.287     5.9576    22.7363    17.8828 1.1722e+00      1.114    1459.20     77.873     8.3485 109.318889    7.50732      4.328     2.8136  23.211931  0.000e+00
      4.323     5.9495    22.7554    17.8987 1.1477e+00      1.099    1459.19     77.908     8.3529 109.318890    7.50785      4.364     2.7830  23.224745  0.000e+00
      4.334     5.9421    22.7755    17.9152 1.1233e+00      1.092    1459.18     77.869     8.3491 109.318890    7.50822      4.375     2.8136  23.238778  0.000e+00
      4.334     5.9364    22.7934    17.9299 1.0867e+00      1.077    1459.18     77.831     8.3452 109.318891    7.50838      4.375     2.8136  23.251915  0.000e+00
      4.404     5.9328    22.8095    17.9428 1.1111e+00      1.084    1459.19     77.875     8.3497 109.318891    7.50824      4.446     2.8136  23.264629  0.000e+00
      4.394     5.9302    22.8270    17.9569 1.1477e+00      1.084    1459.20     77.843     8.3458 109.318892    7.50786      4.436     2.8136  23.279307  0.000e+00
      4.418     5.9297    22.8439    17.9702 1.0745e+00      1.077    1459.22     77.814     8.3418 109.318892    7.50711      4.460     2.8136  23.294730  0.000e+00
      4.443     5.9334    22.8573    17.9805 1.1233e+00      1.106    1459.25     77.775     8.3363 109.318893    7.50580      4.485     2.8136  23.309520  0.000e+00
      4.454     5.9334    22.8747    17.9942 1.1966e+00      1.114    1459.28     77.742     8.3317 109.318893    7.50494      4.496     2.8136  23.325745  0.000e+00
      4.488     5.9230    22.9006    18.0156 1.2821e+00      1.099    1459.27     77.793     8.3378 109.318894    7.50556      4.531     2.8136  23.343301  0.000e+00
      4.501     5.9152    22.9244    18.0351 1.2943e+00      1.106    1459.26     77.769     8.3356 109.318894    7.50581      4.544     2.8136  23.360597  0.000e+00
      4.525     5.9093    22.9457    18.0524 1.2088e+00      1.114    1459.27     77.750     8.3335 109.318895    7.50583      4.568     2.8136  23.376675  0.000e+00
      4.549     5.9063    22.9644    18.0674 1.1844e+00      1.092    1459.28     77.723     8.3301 109.318895    7.50546      4.593     2.8136  23.392227  0.000e+00
      4.561     5.9058    22.9808    18.0804 1.1233e+00      1.084    1459.30     77.699     8.3268 109.318896    7.50475      4.604     2.8136  23.407145  0.000e+00
      4.595     5.8997    23.0000    18.0961 1.0501e+00      1.092    1459.30     77.748     8.3322 109.318896    7.50492      4.638     2.8136  23.421111  0.000e+00
      4.609     5.8889    23.0211    18.1137 1.0501e+00      1.084    1459.28     77.725     8.3308 109.318897    7.50585      4.653     2.8136  23.433911  0.000e+00
      4.634     5.8806    23.0379    18.1278 1.0501e+00      1.084    1459.27     77.707     8.3295 109.318897    7.50655      4.678     2.8136  23.444217  0.000e+00
      4.656     5.8752    23.0516    18.1391 1.0623e+00      1.084    1459.26     77.692     8.3283 109.318898    7.50686      4.701     2.7830  23.453568  0.000e+00
      4.681     5.8706    23.0635    18.1489 1.0989e+00      1.077    1459.26     77.749     8.3346 109.318898    7.50711      4.725     2.7830  23.461698  0.000e+00
      4.703     5.8639    23.0743    18.1581 1.1111e+00      1.077    1459.24     77.745     8.3350 109.318899    7.50779      4.748     2.8136  23.467597  0.000e+00
      4.716     5.8594    23.0847    18.1667 1.1355e+00      1.092    1459.24     77.735     8.3342 109.318899    7.50811      4.761     2.8136  23.474347  0.000e+00
      4.740     5.8558    23.0962    18.1761 1.1111e+00      1.092    1459.24     77.719     8.3325 109.318899    7.50821      4.786     2.7830  23.482692  0.000e+00
      4.765     5.8539    23.1034    18.1820 1.1111e+00      1.092    1459.24     77.784     8.3396 109.318900    7.50819      4.810     2.7830  23.488220  0.000e+00
      4.800     5.8564    23.1091    18.1862 1.1477e+00      1.084    1459.26     77.777     8.3380 109.318900    7.50746      4.846     2.7830  23.495131  0.000e+00
      4.810     5.8580    23.1175    18.1927 1.1600e+00      1.077    1459.28     77.764     8.3358 109.318901    7.50675      4.856     2.7830  23.503957  0.000e+00
      4.825     5.8558    23.1256    18.1993 1.1600e+00      1.062    1459.28     77.835     8.3434 109.318901    7.50676      4.871     2.7830  23.510019  0.000e+00
      4.860     5.8540    23.1316    18.2042 1.1722e+00      1.040    1459.28     77.833     8.3432 109.318902    7.50678      4.906     2.7830  23.514539  0.000e+00
      4.872     5.8539    23.1362    18.2078 1.1477e+00      1.033    1459.28     77.825     8.3422 109.318902    7.50658      4.918     2.7830  23.518740  0.000e+00
      4.907     5.8544    23.1399    18.2107 1.1233e+00      1.040    1459.29     77.900     8.3499 109.318903    7.50631      4.954     2.7830  23.522463  0.000e+00
      4.917     5.8553    23.1437    18.2135 1.0501e+00      1.055    1459.30     77.903     8.3498 109.318903    7.50595      4.964     2.7830  23.526558  0.000e+00
      4.943     5.8565    23.1468    18.2159 9.8901e-01      1.084    1459.31     77.900     8.3490 109.318904    7.50558      4.990     2.7830  23.530282  0.000e+00
      4.956     5.8540    23.1508    18.2193 9.5238e-01      1.114    1459.30     77.903     8.3496 109.318904    7.50584      5.003     2.7830  23.532356  0.000e+00
      4.991     5.8521    23.1548    18.2226 9.5238e-01      1.114    1459.30     77.977     8.3578 109.318905    7.50599      5.039     2.7830  23.534857  0.000e+00
      5.012     5.8508    23.1583    18.2255 1.0134e+00      1.084    1459.30     78.057     8.3664 109.318905    7.50605      5.060     2.7830  23.537357  0.000e+00
      5.027     5.8526    23.1591    18.2260 1.0501e+00      1.070    1459.31     78.064     8.3667 109.318906    7.50569      5.075     2.7830  23.539219  0.000e+00
      5.038     5.8545    23.1621    18.2281 1.0745e+00      1.055    1459.32     78.075     8.3674 109.318906    7.50520      5.086     2.7830  23.543156  0.000e+00
      5.076     5.8580    23.1634    18.2289 1.0989e+00      1.055    1459.34     78.080     8.3672 109.318907    7.50449      5.124     2.7830  23.546667  0.000e+00
      5.072     5.8686    23.1593    18.2246 1.0745e+00      1.062    1459.38     78.154     8.3732 109.318907    7.50277      5.121     2.7830  23.549539  0.000e+00
      5.111     5.8812    23.1531    18.2185 1.0745e+00      1.062    1459.42     78.167     8.3724 109.318908    7.50078      5.160     2.7830  23.551826  0.000e+00
      5.122     5.8903    23.1481    18.2137 1.0623e+00      1.048    1459.45     78.240     8.3786 109.318908    7.49936      5.171     2.7830  23.552943  0.000e+00
      5.147     5.8929    23.1470    18.2126 1.0867e+00      1.048    1459.46     78.242     8.3784 109.318909    7.49895      5.196     2.7830  23.553581  0.000e+00
      5.145     5.8948    23.1451    18.2109 1.0623e+00      1.048    1459.47     78.249     8.3788 109.318909    7.49870      5.194     2.7830  23.552996  0.000e+00
      5.182     5.8965    23.1419    18.2082 1.0134e+00      1.055    1459.47     78.326     8.3869 109.318910    7.49853      5.232     2.7830  23.551187  0.000e+00
      5.194     5.8961    23.1397    18.2065 1.0012e+00      1.070    1459.47     78.343     8.3890 109.318910    7.49873      5.243     2.7830  23.548792  0.000e+00
      5.218     5.8945    23.1368    18.2044 9.8901e-01      1.092    1459.46     78.354     8.3906 109.318911    7.49916      5.268     2.7830  23.545122  0.000e+00
      5.216     5.8926    23.1335    18.2020 9.6459e-01      1.099    1459.45     78.435     8.3999 109.318911    7.49967      5.266     2.7830  23.540866  0.000e+00
      5.242     5.8911    23.1329    18.2016 9.6459e-01      1.084    1459.44     78.456     8.4024 109.318912    7.49996      5.292     2.7525  23.539376  0.000e+00
      5.267     5.8888    23.1333    18.2021 1.0256e+00      1.048    1459.43     78.470     8.4043 109.318912    7.50037      5.317     2.7830  23.538259  0.000e+00
      5.267     5.8856    23.1334    18.2025 1.0623e+00      1.040    1459.42     78.554     8.4140 109.318913    7.50094      5.317     2.7525  23.536344  0.000e+00
      5.299     5.8796    23.1373    18.2062 1.0501e+00      1.040    1459.40     78.567     8.4163 109.318913    7.50184      5.349     2.7830  23.536185  0.000e+00
      5.302     5.8719    23.1450    18.2130 1.0012e+00      1.040    1459.38     78.584     8.4194 109.318913    7.50287      5.353     2.7830  23.538420  0.000e+00
      5.313     5.8651    23.1523    18.2195 9.7680e-01      1.048    1459.36     78.595     8.4215 109.318914    7.50375      5.364     2.7525  23.540921  0.000e+00
      5.302     5.8603    23.1580    18.2244 9.5238e-01      1.048    1459.34     78.675     8.4308 109.318914    7.50435      5.353     2.7830  23.543103  0.000e+00
      5.372     5.8584    23.1607    18.2267 1.0012e+00      1.048    1459.34     78.695     8.4331 109.318915    7.50455      5.423     2.7525  23.544486  0.000e+00
      5.362     5.8573    23.1641    18.2295 1.0012e+00      1.055    1459.34     78.707     8.4344 109.318915    7.50460      5.413     2.7525  23.546880  0.000e+00
      5.373     5.8544    23.1704    18.2347 1.0012e+00      1.099    1459.34     78.713     8.4353 109.318916    7.50482      5.425     2.7830  23.550871  0.000e+00
      5.383     5.8508    23.1798    18.2424 1.0379e+00      1.136    1459.33     78.712     8.4354 109.318916    7.50500      5.434     2.7525  23.557363  0.000e+00
      5.398     5.8480    23.1899    18.2507 1.0501e+00      1.114    1459.34     78.781     8.4428 109.318917    7.50502      5.449     2.7830  23.564973  0.000e+00
      5.409     5.8452    23.1983    18.2576 1.0256e+00      1.077    1459.34     78.790     8.4438 109.318917    7.50511      5.460     2.7830  23.570987  0.000e+00
      5.422     5.8431    23.2042    18.2625 1.0256e+00      1.084    1459.33     78.792     8.4441 109.318918    7.50521      5.474     2.7830  23.575139  0.000e+00
      5.432     5.8403    23.2118    18.2687 1.0134e+00      1.099    1459.33     78.864     8.4520 109.318918    7.50535      5.483     2.7830  23.580356  0.000e+00
      5.445     5.8377    23.2178    18.2736 9.8901e-01      1.077    1459.33     78.863     8.4522 109.318919    7.50553      5.496     2.7830  23.584242  0.000e+00
      5.445     5.8358    23.2224    18.2774 9.7680e-01      1.055    1459.33     78.855     8.4514 109.318919    7.50564      5.496     2.7830  23.587330  0.000e+00
      5.467     5.8356    23.2280    18.2819 9.7680e-01      1.055    1459.33     78.852     8.4507 109.318920    7.50541      5.519     2.7830  23.592388  0.000e+00
      5.469     5.8365    23.2325    18.2854 1.0501e+00      1.077    1459.34     78.918     8.4574 109.318920    7.50502      5.521     2.7830  23.597179  0.000e+00
      5.480     5.8382    23.2348    18.2870 1.2088e+00      1.092    1459.35     78.911     8.4562 109.318921    7.50460      5.532     2.7830  23.600321  0.000e+00
      5.480     5.8405    23.2370    18.2886 1.1722e+00      1.099    1459.37     78.897     8.4541 109.318921    7.50408      5.532     2.7830  23.603888  0.000e+00
      5.503     5.8437    23.2368    18.2881 1.4530e+00      1.099    1459.38     78.965     8.4607 109.318922    7.50350      5.555     2.7830  23.605752  0.000e+00
      5.505     5.8474    23.2352    18.2864 1.5751e+00      1.077    1459.39     78.959     8.4595 109.318922    7.50290      5.557     2.7830  23.606603  0.000e+00
      5.517     5.8493    23.2352    18.2863 1.4530e+00      1.040    1459.40     79.024     8.4661 109.318923    7.50256      5.570     2.7830  23.607828  0.000e+00
      5.514     5.8507    23.2354    18.2863 1.3065e+00      1.026    1459.41     79.016     8.4649 109.318923    7.50229      5.567     2.7830  23.608893  0.000e+00
      5.517     5.8535    23.2323    18.2836 1.2332e+00      1.055    1459.41     79.012     8.4640 109.318924    7.50192      5.570     2.7525  23.607881  0.000e+00
      5.553     5.8583    23.2274    18.2793 1.1600e+00      1.187    1459.43     79.000     8.4621 109.318924    7.50129      5.606     2.7525  23.606390  0.000e+00
