ctd/data/2024/seabird/Flaskebekk.cnv
* Sea-Bird SBE 9 Data File:
* FileName = C:\CTD Brukere\UiO Kurs\Geo kurs 2024\Flaskebekk.hex
* Software Version Seasave V 7.26.7.121
* Temperature SN = 5352
* Conductivity SN = 3840
* Number of Bytes Per Scan = 38
* Number of Voltage Words = 5
* Number of Scans Averaged by the Deck Unit = 1
* NMEA Latitude = 59 51.99 N
* NMEA Longitude = 010 38.79 E
* NMEA UTC (Time) = Apr 18 2024 07:34:58
* NMEA baud rate = 4800
** Ship: R/V Trygve Braarud
** Cruise:
** Station:
** Operator:
# nquan = 15
# nvalues = 4073                                  
# units = specified
# name 0 = depSM: Depth [salt water, m]
# name 1 = t090C: Temperature [ITS-90, deg C]
# name 2 = sal00: Salinity, Practical [PSU]
# name 3 = sigma-t00: Density [sigma-t, kg/m^3 ]
# name 4 = flSP: Fluorescence, Seapoint
# name 5 = seaTurbMtr: Turbidity, Seapoint [FTU]
# name 6 = svCM: Sound Velocity [Chen-Millero, m/s]
# name 7 = sbeox0PS: Oxygen, SBE 43 [% saturation]
# name 8 = sbeox0Mg/L: Oxygen, SBE 43 [mg/l]
# name 9 = timeJ: Julian Days
# name 10 = oxsatML/L: Oxygen Saturation, Weiss [ml/l]
# name 11 = prDM: Pressure, Digiquartz [db]
# name 12 = wetStar: Fluorescence, WET Labs WETstar [mg/m^3]
# name 13 = c0mS/cm: Conductivity [mS/cm]
# name 14 = flag:  0.000e+00
# span 0 =      0.073,     60.847                 
# span 1 =     4.0470,     7.7069                 
# span 2 =     1.9331,    32.7050                 
# span 3 =     1.4944,    25.5170                 
# span 4 = 8.5470e-02, 1.8193e+00                 
# span 5 =      0.857,     22.667                 
# span 6 =    1431.38,    1479.45                 
# span 7 =     48.457,     84.236                 
# span 8 =     4.7622,     9.0424                 
# span 9 = 109.318646, 109.320610                 
# span 10 =    6.75159,    8.68281                
# span 11 =      0.073,     61.434                
# span 12 =    -0.3000,     3.5767                
# span 13 =   2.317993,  33.826042                
# span 14 = 0.0000e+00, 0.0000e+00                
# interval = seconds: 0.0416667
# start_time = Apr 18 2024 07:38:51 [System UTC, first data scan.]
# bad_flag = -9.990e-29
*END*
[from data line 1639]
     22.520     6.3939    31.3768    24.6429 1.2210e-01      1.040    1472.11     55.728     5.5843 109.319436    7.02162     22.735     1.5620  31.477585  0.000e+00
     22.544     6.3932    31.3839    24.6486 1.2210e-01      1.040    1472.12     55.727     5.5841 109.319437    7.02140     22.760     1.5620  31.483498  0.000e+00
     22.556     6.3875    31.3873    24.6519 1.0989e-01      1.040    1472.10     55.657     5.5776 109.319437    7.02221     22.772     1.5620  31.481725  0.000e+00
     22.580     6.3805    31.3874    24.6529 1.0989e-01      1.048    1472.07     55.594     5.5723 109.319438    7.02337     22.796     1.5620  31.475990  0.000e+00
     22.616     6.3764    31.3837    24.6505 1.0989e-01      1.048    1472.05     55.529     5.5664 109.319438    7.02422     22.832     1.5620  31.469250  0.000e+00
     22.616     6.3796    31.3784    24.6459 1.0989e-01      1.048    1472.06     55.460     5.5593 109.319439    7.02393     22.832     1.5620  31.467062  0.000e+00
     22.651     6.3849    31.3753    24.6429 1.0989e-01      1.055    1472.08     55.465     5.5592 109.319439    7.02318     22.868     1.5620  31.468836  0.000e+00
     22.663     6.3848    31.3763    24.6437 1.0989e-01      1.055    1472.08     55.401     5.5527 109.319440    7.02316     22.880     1.5620  31.469604  0.000e+00
     22.687     6.3831    31.3787    24.6457 1.0989e-01      1.092    1472.07     55.332     5.5460 109.319440    7.02332     22.904     1.5620  31.470373  0.000e+00
     22.700     6.3832    31.3831    24.6492 1.0989e-01      1.150    1472.08     55.272     5.5398 109.319441    7.02311     22.917     1.5620  31.474394  0.000e+00
     22.736     6.3839    31.3916    24.6558 1.0989e-01      1.136    1472.09     55.286     5.5407 109.319441    7.02261     22.953     1.5620  31.482731  0.000e+00
     22.747     6.3861    31.4005    24.6625 1.0989e-01      1.092    1472.11     55.230     5.5345 109.319442    7.02184     22.965     1.5620  31.492606  0.000e+00
     22.760     6.3969    31.4014    24.6619 1.0989e-01      1.055    1472.16     55.182     5.5283 109.319442    7.01999     22.978     1.5620  31.502482  0.000e+00
     22.796     6.4128    31.4025    24.6608 1.0989e-01      1.055    1472.22     55.120     5.5200 109.319443    7.01730     23.014     1.5315  31.516795  0.000e+00
     22.807     6.4262    31.4098    24.6649 1.0989e-01      1.055    1472.29     55.065     5.5125 109.319443    7.01475     23.025     1.5315  31.534543  0.000e+00
     22.820     6.4363    31.4196    24.6714 1.2210e-01      1.055    1472.34     55.084     5.5128 109.319443    7.01263     23.038     1.5315  31.551939  0.000e+00
     22.843     6.4448    31.4268    24.6760 1.2210e-01      1.048    1472.38     55.034     5.5064 109.319444    7.01088     23.061     1.5315  31.565610  0.000e+00
     22.856     6.4535    31.4321    24.6791 1.0989e-01      1.040    1472.42     54.979     5.4996 109.319444    7.00920     23.074     1.5315  31.577685  0.000e+00
     22.878     6.4557    31.4348    24.6810 1.2210e-01      1.048    1472.44     54.998     5.5011 109.319445    7.00871     23.097     1.5315  31.582007  0.000e+00
     22.867     6.4582    31.4333    24.6795 1.2210e-01      1.062    1472.44     55.024     5.5034 109.319445    7.00838     23.086     1.5315  31.582658  0.000e+00
     22.948     6.4554    31.4294    24.6768 1.2210e-01      1.055    1472.43     54.979     5.4995 109.319446    7.00901     23.168     1.5315  31.576857  0.000e+00
     22.927     6.4496    31.4243    24.6735 1.2210e-01      1.040    1472.40     54.929     5.4954 109.319446    7.01020     23.146     1.5315  31.567386  0.000e+00
     22.951     6.4461    31.4203    24.6707 1.2210e-01      1.062    1472.38     54.964     5.4995 109.319447    7.01097     23.171     1.5620  31.560816  0.000e+00
     22.963     6.4426    31.4171    24.6686 1.2210e-01      1.143    1472.36     54.928     5.4964 109.319447    7.01169     23.182     1.5620  31.555016  0.000e+00
     22.987     6.4393    31.4162    24.6684 1.2210e-01      1.172    1472.35     54.888     5.4928 109.319448    7.01229     23.207     1.5315  31.551407  0.000e+00
     23.011     6.4380    31.4163    24.6686 1.0989e-01      1.150    1472.34     54.842     5.4885 109.319448    7.01250     23.231     1.5315  31.550460  0.000e+00
     23.023     6.4368    31.4190    24.6708 1.0989e-01      1.114    1472.34     54.792     5.4835 109.319449    7.01257     23.243     1.5315  31.551881  0.000e+00
     23.034     6.4394    31.4249    24.6751 1.0989e-01      1.099    1472.36     54.815     5.4852 109.319449    7.01187     23.254     1.5315  31.559397  0.000e+00
     23.047     6.4491    31.4283    24.6767 1.2210e-01      1.084    1472.40     54.767     5.4790 109.319450    7.01010     23.267     1.5315  31.570701  0.000e+00
     23.071     6.4543    31.4346    24.6810 1.2210e-01      1.084    1472.43     54.713     5.4728 109.319450    7.00896     23.292     1.5315  31.580705  0.000e+00
     23.083     6.4594    31.4357    24.6812 1.0989e-01      1.077    1472.46     54.743     5.4751 109.319451    7.00805     23.303     1.5315  31.586033  0.000e+00
     23.094     6.4635    31.4361    24.6810 1.5873e-01      1.084    1472.47     54.702     5.4705 109.319451    7.00737     23.315     1.5620  31.589763  0.000e+00
     23.118     6.4686    31.4350    24.6795 2.9304e-01      1.070    1472.49     54.733     5.4730 109.319452    7.00657     23.340     1.5620  31.593019  0.000e+00
     23.143     6.4736    31.4301    24.6750 2.8083e-01      1.062    1472.51     54.616     5.4608 109.319452    7.00597     23.364     1.5620  31.592722  0.000e+00
     23.143     6.4737    31.4269    24.6725 2.1978e-01      1.040    1472.50     54.636     5.4629 109.319453    7.00610     23.364     1.5620  31.589939  0.000e+00
     23.178     6.4709    31.4257    24.6719 1.7094e-01      1.048    1472.49     54.661     5.4658 109.319453    7.00662     23.400     1.5620  31.586506  0.000e+00
     23.167     6.4677    31.4277    24.6739 1.5873e-01      1.055    1472.48     54.627     5.4627 109.319454    7.00706     23.389     1.5620  31.585677  0.000e+00
     23.214     6.4689    31.4273    24.6734 1.4652e-01      1.070    1472.48     54.587     5.4586 109.319454    7.00687     23.436     1.5620  31.586329  0.000e+00
     23.203     6.4684    31.4267    24.6730 1.3431e-01      1.070    1472.48     54.618     5.4618 109.319455    7.00697     23.425     1.5315  31.585440  0.000e+00
     23.235     6.4624    31.4295    24.6759 1.2210e-01      1.062    1472.46     54.578     5.4584 109.319455    7.00785     23.457     1.5315  31.582895  0.000e+00
     23.250     6.4545    31.4289    24.6765 1.2210e-01      1.070    1472.43     54.531     5.4548 109.319456    7.00918     23.472     1.5620  31.575792  0.000e+00
     23.263     6.4488    31.4265    24.6753 1.2210e-01      1.070    1472.40     54.555     5.4580 109.319456    7.01023     23.485     1.5315  31.568867  0.000e+00
     23.263     6.4476    31.4252    24.6744 1.0989e-01      1.070    1472.40     54.507     5.4534 109.319457    7.01050     23.485     1.5620  31.566618  0.000e+00
     23.298     6.4476    31.4240    24.6735 1.2210e-01      1.084    1472.40     54.453     5.4480 109.319457    7.01056     23.521     1.5620  31.565552  0.000e+00
     23.310     6.4453    31.4242    24.6739 1.2210e-01      1.099    1472.39     54.480     5.4510 109.319457    7.01091     23.533     1.5620  31.563895  0.000e+00
     23.323     6.4434    31.4285    24.6775 1.0989e-01      1.084    1472.39     54.435     5.4466 109.319458    7.01104     23.546     1.5620  31.566145  0.000e+00
     23.334     6.4466    31.4303    24.6786 1.0989e-01      1.077    1472.40     54.461     5.4487 109.319458    7.01043     23.557     1.5620  31.570466  0.000e+00
     23.347     6.4498    31.4275    24.6759 1.0989e-01      1.084    1472.41     54.426     5.4449 109.319459    7.01003     23.570     1.5620  31.570584  0.000e+00
     23.370     6.4474    31.4230    24.6726 1.0989e-01      1.099    1472.40     54.449     5.4477 109.319459    7.01063     23.593     1.5620  31.564487  0.000e+00
     23.370     6.4426    31.4193    24.6703 1.0989e-01      1.099    1472.37     54.399     5.4434 109.319460    7.01159     23.593     1.5926  31.557148  0.000e+00
     23.394     6.4389    31.4189    24.6705 1.0989e-01      1.099    1472.36     54.430     5.4470 109.319460    7.01222     23.618     1.5926  31.553775  0.000e+00
     23.405     6.4400    31.4227    24.6734 1.2210e-01      1.092    1472.37     54.388     5.4426 109.319461    7.01187     23.629     1.5926  31.558096  0.000e+00
     23.426     6.4487    31.4266    24.6753 1.2210e-01      1.128    1472.41     54.339     5.4364 109.319461    7.01025     23.651     1.5926  31.568867  0.000e+00
     23.430     6.4594    31.4369    24.6822 1.2210e-01      1.194    1472.46     54.359     5.4366 109.319462    7.00800     23.654     1.5620  31.587277  0.000e+00
     23.454     6.4736    31.4488    24.6898 1.0989e-01      1.245    1472.53     54.305     5.4291 109.319462    7.00512     23.678     1.5620  31.609896  0.000e+00
     23.465     6.4833    31.4564    24.6945 1.0989e-01      1.238    1472.58     54.332     5.4303 109.319463    7.00316     23.690     1.5620  31.624939  0.000e+00
     23.465     6.4875    31.4595    24.6965 1.0989e-01      1.187    1472.60     54.286     5.4250 109.319463    7.00233     23.690     1.5315  31.631277  0.000e+00
     23.490     6.4884    31.4618    24.6982 1.2210e-01      1.150    1472.61     54.231     5.4193 109.319464    7.00207     23.714     1.5926  31.634120  0.000e+00
     23.503     6.4897    31.4637    24.6995 1.5873e-01      1.128    1472.62     54.245     5.4205 109.319464    7.00177     23.727     1.5926  31.636904  0.000e+00
     23.503     6.4913    31.4668    24.7018 1.5873e-01      1.106    1472.63     54.197     5.4154 109.319465    7.00137     23.727     1.5620  31.641110  0.000e+00
     23.525     6.4954    31.4704    24.7040 1.4652e-01      1.106    1472.65     54.218     5.4168 109.319465    7.00052     23.750     1.5620  31.647805  0.000e+00
     23.538     6.5031    31.4725    24.7048 1.3431e-01      1.106    1472.68     54.165     5.4104 109.319466    6.99914     23.763     1.5620  31.656218  0.000e+00
     23.514     6.5101    31.4789    24.7089 1.2210e-01      1.106    1472.72     54.180     5.4108 109.319466    6.99770     23.739     1.5620  31.667832  0.000e+00
     23.595     6.5195    31.4826    24.7106 1.2210e-01      1.099    1472.76     54.121     5.4036 109.319467    6.99598     23.821     1.5620  31.679092  0.000e+00
     23.574     6.5259    31.4836    24.7107 1.0989e-01      1.084    1472.79     54.141     5.4048 109.319467    6.99489     23.799     1.5620  31.685375  0.000e+00
     23.574     6.5277    31.4835    24.7103 1.0989e-01      1.077    1472.79     54.086     5.3991 109.319468    6.99460     23.799     1.5620  31.686738  0.000e+00
     23.598     6.5260    31.4841    24.7110 1.0989e-01      1.070    1472.79     54.100     5.4007 109.319468    6.99484     23.824     1.5926  31.685908  0.000e+00
     23.610     6.5247    31.4863    24.7129 1.2210e-01      1.070    1472.79     54.051     5.3958 109.319469    6.99495     23.836     1.5926  31.686857  0.000e+00
     23.610     6.5253    31.4890    24.7150 1.2210e-01      1.070    1472.79     54.081     5.3987 109.319469    6.99473     23.836     1.5926  31.689821  0.000e+00
     23.621     6.5271    31.4901    24.7156 1.0989e-01      1.084    1472.80     54.037     5.3940 109.319470    6.99438     23.847     1.5926  31.692310  0.000e+00
     23.645     6.5322    31.4885    24.7137 1.0989e-01      1.136    1472.82     54.060     5.3958 109.319470    6.99362     23.872     1.5926  31.695096  0.000e+00
     23.645     6.5381    31.4884    24.7129 1.0989e-01      1.201    1472.84     54.020     5.3911 109.319470    6.99265     23.872     1.5620  31.700016  0.000e+00
     23.666     6.5441    31.4883    24.7120 1.0989e-01      1.231    1472.87     54.049     5.3931 109.319471    6.99166     23.893     1.5620  31.704936  0.000e+00
     23.670     6.5447    31.4912    24.7142 1.0989e-01      1.260    1472.87     54.002     5.3883 109.319471    6.99143     23.896     1.5620  31.708079  0.000e+00
     23.681     6.5473    31.4946    24.7166 1.2210e-01      1.267    1472.89     54.023     5.3899 109.319472    6.99085     23.908     1.5620  31.713356  0.000e+00
     23.705     6.5536    31.4953    24.7164 1.3431e-01      1.253    1472.91     53.968     5.3836 109.319472    6.98977     23.932     1.5620  31.719285  0.000e+00
     23.694     6.5575    31.4989    24.7187 1.2210e-01      1.216    1472.93     53.992     5.3854 109.319473    6.98898     23.921     1.5620  31.725808  0.000e+00
     23.718     6.5619    31.5014    24.7202 1.2210e-01      1.187    1472.95     53.940     5.3796 109.319473    6.98814     23.945     1.5620  31.731797  0.000e+00
     23.718     6.5628    31.5029    24.7212 1.2210e-01      1.179    1472.96     53.956     5.3810 109.319474    6.98791     23.945     1.5620  31.733992  0.000e+00
     23.741     6.5624    31.5024    24.7209 1.2210e-01      1.158    1472.96     53.907     5.3763 109.319474    6.98801     23.968     1.5620  31.733102  0.000e+00
     23.754     6.5609    31.5057    24.7236 1.0989e-01      1.128    1472.96     53.926     5.3782 109.319475    6.98810     23.981     1.5926  31.734882  0.000e+00
     23.762     6.5616    31.5110    24.7278 1.2210e-01      1.114    1472.97     53.880     5.3733 109.319475    6.98775     23.989     1.5926  31.740279  0.000e+00
     23.765     6.5640    31.5133    24.7293 1.0989e-01      1.099    1472.98     53.890     5.3739 109.319476    6.98725     23.993     1.5926  31.744372  0.000e+00
     23.778     6.5670    31.5132    24.7288 1.0989e-01      1.106    1472.99     53.834     5.3680 109.319476    6.98675     24.006     1.5926  31.746863  0.000e+00
     23.801     6.5697    31.5126    24.7280 1.0989e-01      1.114    1473.00     53.857     5.3700 109.319477    6.98634     24.029     1.5926  31.748524  0.000e+00
     23.801     6.5700    31.5137    24.7288 1.0989e-01      1.106    1473.00     53.881     5.3723 109.319477    6.98624     24.029     1.5926  31.749829  0.000e+00
     23.814     6.5705    31.5158    24.7304 1.2210e-01      1.092    1473.01     53.829     5.3670 109.319478    6.98607     24.042     1.5620  31.752083  0.000e+00
     23.825     6.5713    31.5167    24.7310 1.4652e-01      1.077    1473.01     53.854     5.3693 109.319478    6.98589     24.053     1.5620  31.753625  0.000e+00
     23.837     6.5719    31.5171    24.7313 1.5873e-01      1.084    1473.01     53.880     5.3718 109.319479    6.98577     24.065     1.5620  31.754515  0.000e+00
     23.858     6.5731    31.5163    24.7305 1.3431e-01      1.092    1473.02     53.829     5.3666 109.319479    6.98561     24.086     1.5620  31.754812  0.000e+00
     23.861     6.5740    31.5154    24.7297 1.2210e-01      1.092    1473.02     53.779     5.3615 109.319480    6.98550     24.089     1.5620  31.754752  0.000e+00
     23.874     6.5744    31.5150    24.7293 1.2210e-01      1.106    1473.02     53.794     5.3630 109.319480    6.98545     24.102     1.5620  31.754752  0.000e+00
     23.885     6.5744    31.5151    24.7293 1.0989e-01      1.099    1473.02     53.810     5.3646 109.319481    6.98545     24.114     1.5620  31.754812  0.000e+00
     23.897     6.5747    31.5157    24.7298 1.0989e-01      1.070    1473.03     53.760     5.3595 109.319481    6.98537     24.125     1.5620  31.755642  0.000e+00
     23.921     6.5757    31.5149    24.7290 1.0989e-01      1.062    1473.03     53.776     5.3610 109.319482    6.98524     24.150     1.5620  31.755761  0.000e+00
