ctd/data/2024/seabird/Flaskebekk.cnv
* Sea-Bird SBE 9 Data File:
* FileName = C:\CTD Brukere\UiO Kurs\Geo kurs 2024\Flaskebekk.hex
* Software Version Seasave V 7.26.7.121
* Temperature SN = 5352
* Conductivity SN = 3840
* Number of Bytes Per Scan = 38
* Number of Voltage Words = 5
* Number of Scans Averaged by the Deck Unit = 1
* NMEA Latitude = 59 51.99 N
* NMEA Longitude = 010 38.79 E
* NMEA UTC (Time) = Apr 18 2024 07:34:58
* NMEA baud rate = 4800
** Ship: R/V Trygve Braarud
** Cruise:
** Station:
** Operator:
# nquan = 15
# nvalues = 4073                                  
# units = specified
# name 0 = depSM: Depth [salt water, m]
# name 1 = t090C: Temperature [ITS-90, deg C]
# name 2 = sal00: Salinity, Practical [PSU]
# name 3 = sigma-t00: Density [sigma-t, kg/m^3 ]
# name 4 = flSP: Fluorescence, Seapoint
# name 5 = seaTurbMtr: Turbidity, Seapoint [FTU]
# name 6 = svCM: Sound Velocity [Chen-Millero, m/s]
# name 7 = sbeox0PS: Oxygen, SBE 43 [% saturation]
# name 8 = sbeox0Mg/L: Oxygen, SBE 43 [mg/l]
# name 9 = timeJ: Julian Days
# name 10 = oxsatML/L: Oxygen Saturation, Weiss [ml/l]
# name 11 = prDM: Pressure, Digiquartz [db]
# name 12 = wetStar: Fluorescence, WET Labs WETstar [mg/m^3]
# name 13 = c0mS/cm: Conductivity [mS/cm]
# name 14 = flag:  0.000e+00
# span 0 =      0.073,     60.847                 
# span 1 =     4.0470,     7.7069                 
# span 2 =     1.9331,    32.7050                 
# span 3 =     1.4944,    25.5170                 
# span 4 = 8.5470e-02, 1.8193e+00                 
# span 5 =      0.857,     22.667                 
# span 6 =    1431.38,    1479.45                 
# span 7 =     48.457,     84.236                 
# span 8 =     4.7622,     9.0424                 
# span 9 = 109.318646, 109.320610                 
# span 10 =    6.75159,    8.68281                
# span 11 =      0.073,     61.434                
# span 12 =    -0.3000,     3.5767                
# span 13 =   2.317993,  33.826042                
# span 14 = 0.0000e+00, 0.0000e+00                
# interval = seconds: 0.0416667
# start_time = Apr 18 2024 07:38:51 [System UTC, first data scan.]
# bad_flag = -9.990e-29
*END*
[from data line 2892]
     42.483     7.5692    32.6115    25.4597 9.7680e-02      1.377    1478.57     52.477     5.0765 109.320041    6.77678     42.891     1.1957  33.622464  0.000e+00
     42.506     7.5688    32.6097    25.4584 9.7680e-02      1.407    1478.57     52.477     5.0766 109.320041    6.77693     42.914     1.1957  33.620403  0.000e+00
     42.519     7.5685    32.6100    25.4587 8.5470e-02      1.429    1478.57     52.555     5.0842 109.320041    6.77696     42.927     1.1957  33.620464  0.000e+00
     42.530     7.5699    32.6125    25.4604 8.5470e-02      1.407    1478.58     52.492     5.0779 109.320042    6.77663     42.939     1.1957  33.623980  0.000e+00
     42.543     7.5736    32.6135    25.4607 9.7680e-02      1.392    1478.59     52.496     5.0778 109.320042    6.77601     42.952     1.1957  33.628164  0.000e+00
     42.566     7.5753    32.6151    25.4617 9.7680e-02      1.370    1478.60     52.491     5.0771 109.320043    6.77567     42.975     1.1957  33.631135  0.000e+00
     42.579     7.5752    32.6165    25.4628 9.7680e-02      1.363    1478.60     52.488     5.0767 109.320043    6.77563     42.988     1.1957  33.632348  0.000e+00
     42.603     7.5741    32.6166    25.4631 9.7680e-02      1.348    1478.60     52.486     5.0766 109.320044    6.77580     43.013     1.1957  33.631499  0.000e+00
     42.615     7.5737    32.6155    25.4623 9.7680e-02      1.341    1478.60     52.485     5.0766 109.320044    6.77590     43.024     1.1957  33.630165  0.000e+00
     42.626     7.5745    32.6142    25.4611 9.7680e-02      1.341    1478.60     52.485     5.0766 109.320045    6.77584     43.036     1.1957  33.629619  0.000e+00
     42.639     7.5749    32.6141    25.4610 1.2210e-01      1.333    1478.60     52.487     5.0768 109.320045    6.77578     43.049     1.1957  33.629862  0.000e+00
     42.663     7.5755    32.6140    25.4609 1.2210e-01      1.341    1478.60     52.490     5.0770 109.320046    6.77569     43.073     1.1957  33.630347  0.000e+00
     42.686     7.5755    32.6142    25.4610 1.0989e-01      1.333    1478.60     52.495     5.0775 109.320046    6.77568     43.096     1.1957  33.630529  0.000e+00
     42.686     7.5749    32.6137    25.4607 1.0989e-01      1.348    1478.60     52.501     5.0781 109.320047    6.77580     43.096     1.2263  33.629559  0.000e+00
     42.710     7.5741    32.6125    25.4599 1.0989e-01      1.363    1478.60     52.508     5.0790 109.320047    6.77598     43.121     1.1957  33.627740  0.000e+00
     42.735     7.5733    32.6114    25.4591 9.7680e-02      1.377    1478.59     52.517     5.0800 109.320048    6.77616     43.146     1.1957  33.625981  0.000e+00
     42.746     7.5722    32.6120    25.4597 9.7680e-02      1.355    1478.59     52.527     5.0810 109.320048    6.77630     43.157     1.1957  33.625618  0.000e+00
     42.771     7.5722    32.6137    25.4611 1.0989e-01      1.319    1478.59     52.539     5.0821 109.320049    6.77623     43.182     1.2263  33.627194  0.000e+00
     42.771     7.5731    32.6152    25.4621 1.0989e-01      1.311    1478.60     52.551     5.0831 109.320049    6.77601     43.182     1.2263  33.629377  0.000e+00
     42.806     7.5739    32.6149    25.4618 9.7680e-02      1.326    1478.60     52.565     5.0844 109.320050    6.77590     43.218     1.2263  33.629862  0.000e+00
     42.819     7.5734    32.6154    25.4623 9.7680e-02      1.341    1478.60     52.570     5.0849 109.320050    6.77595     43.231     1.1957  33.629923  0.000e+00
     42.831     7.5733    32.6152    25.4621 9.7680e-02      1.363    1478.60     52.575     5.0854 109.320051    6.77599     43.242     1.1652  33.629620  0.000e+00
     42.844     7.5734    32.6139    25.4610 8.5470e-02      1.429    1478.60     52.581     5.0860 109.320051    6.77602     43.255     1.1957  33.628468  0.000e+00
     42.866     7.5731    32.6134    25.4607 8.5470e-02      1.443    1478.60     52.599     5.0878 109.320052    6.77609     43.278     1.1957  33.627801  0.000e+00
     42.891     7.5725    32.6130    25.4604 9.7680e-02      1.407    1478.59     52.607     5.0887 109.320052    6.77621     43.303     1.1957  33.626831  0.000e+00
     42.904     7.5723    32.6125    25.4601 8.5470e-02      1.370    1478.59     52.616     5.0896 109.320053    6.77625     43.316     1.1957  33.626285  0.000e+00
     42.922     7.5718    32.6127    25.4603 8.5470e-02      1.348    1478.59     52.626     5.0906 109.320053    6.77632     43.334     1.1957  33.626043  0.000e+00
     42.939     7.5717    32.6130    25.4606 8.5470e-02      1.341    1478.59     52.637     5.0917 109.320054    6.77634     43.352     1.1957  33.626164  0.000e+00
     42.951     7.5712    32.6128    25.4605 8.5470e-02      1.319    1478.59     52.649     5.0929 109.320054    6.77642     43.364     1.1957  33.625558  0.000e+00
     42.975     7.5707    32.6132    25.4609 8.5470e-02      1.319    1478.59     52.738     5.1016 109.320054    6.77648     43.388     1.2263  33.625558  0.000e+00
     42.999     7.5710    32.6120    25.4599 8.5470e-02      1.348    1478.59     52.762     5.1039 109.320055    6.77648     43.413     1.2263  33.624709  0.000e+00
     43.011     7.5707    32.6116    25.4596 8.5470e-02      1.377    1478.59     52.710     5.0989 109.320055    6.77655     43.424     1.2263  33.624103  0.000e+00
     43.022     7.5707    32.6123    25.4602 8.5470e-02      1.377    1478.59     52.713     5.0992 109.320056    6.77651     43.436     1.1957  33.624770  0.000e+00
     43.047     7.5707    32.6138    25.4614 8.5470e-02      1.370    1478.59     52.717     5.0995 109.320056    6.77645     43.460     1.2263  33.626165  0.000e+00
     43.071     7.5717    32.6133    25.4608 8.5470e-02      1.370    1478.59     52.721     5.0998 109.320057    6.77632     43.485     1.2263  33.626528  0.000e+00
     43.082     7.5718    32.6117    25.4596 8.5470e-02      1.385    1478.59     52.802     5.1077 109.320057    6.77637     43.497     1.2263  33.625194  0.000e+00
     43.095     7.5717    32.6116    25.4595 8.5470e-02      1.392    1478.59     52.741     5.1018 109.320058    6.77640     43.510     1.2263  33.624952  0.000e+00
     43.120     7.5714    32.6119    25.4598 8.5470e-02      1.392    1478.59     52.746     5.1023 109.320058    6.77643     43.534     1.1957  33.625013  0.000e+00
     43.142     7.5715    32.6121    25.4599 8.5470e-02      1.377    1478.59     52.828     5.1102 109.320059    6.77640     43.557     1.2263  33.625255  0.000e+00
     43.155     7.5715    32.6126    25.4603 1.3431e-01      1.363    1478.59     52.845     5.1118 109.320059    6.77638     43.570     1.2263  33.625801  0.000e+00
     43.167     7.5718    32.6142    25.4615 2.8083e-01      1.355    1478.60     52.861     5.1133 109.320060    6.77626     43.582     1.2263  33.627499  0.000e+00
     43.191     7.5749    32.6191    25.4649 2.9304e-01      1.363    1478.62     52.877     5.1143 109.320060    6.77556     43.606     1.2263  33.634775  0.000e+00
     43.203     7.5786    32.6229    25.4674 2.1978e-01      1.355    1478.64     52.893     5.1153 109.320061    6.77482     43.618     1.1957  33.641507  0.000e+00
     43.233     7.5806    32.6244    25.4683 1.5873e-01      1.355    1478.65     52.909     5.1166 109.320061    6.77444     43.649     1.1957  33.644721  0.000e+00
     43.240     7.5821    32.6230    25.4670 1.3431e-01      1.363    1478.65     52.925     5.1180 109.320062    6.77427     43.656     1.1957  33.644721  0.000e+00
     43.263     7.5822    32.6211    25.4654 1.0989e-01      1.363    1478.65     52.930     5.1185 109.320062    6.77433     43.679     1.1957  33.643023  0.000e+00
     43.276     7.5814    32.6204    25.4651 1.0989e-01      1.355    1478.64     52.935     5.1191 109.320063    6.77448     43.692     1.1957  33.641749  0.000e+00
     43.287     7.5812    32.6205    25.4652 1.0989e-01      1.370    1478.64     52.950     5.1206 109.320063    6.77451     43.703     1.1957  33.641689  0.000e+00
     43.311     7.5816    32.6209    25.4654 9.7680e-02      1.385    1478.65     52.966     5.1220 109.320064    6.77444     43.728     1.1957  33.642356  0.000e+00
     43.323     7.5827    32.6202    25.4647 9.7680e-02      1.399    1478.65     52.970     5.1223 109.320064    6.77429     43.739     1.1957  33.642659  0.000e+00
     43.347     7.5827    32.6198    25.4644 9.7680e-02      1.377    1478.65     52.973     5.1227 109.320065    6.77431     43.764     1.1957  33.642356  0.000e+00
     43.347     7.5832    32.6211    25.4653 9.7680e-02      1.341    1478.65     52.988     5.1240 109.320065    6.77418     43.764     1.1957  33.643933  0.000e+00
     43.383     7.5848    32.6253    25.4684 1.0989e-01      1.326    1478.66     52.991     5.1240 109.320066    6.77374     43.800     1.1957  33.649270  0.000e+00
     43.396     7.5875    32.6289    25.4709 1.0989e-01      1.326    1478.68     52.993     5.1238 109.320066    6.77316     43.813     1.2263  33.655032  0.000e+00
     43.407     7.5901    32.6282    25.4700 1.9536e-01      1.341    1478.69     52.995     5.1237 109.320067    6.77279     43.824     1.1957  33.656608  0.000e+00
     43.425     7.5912    32.6255    25.4677 5.1282e-01      1.385    1478.69     52.997     5.1238 109.320067    6.77274     43.843     1.2263  33.655031  0.000e+00
     43.456     7.5910    32.6237    25.4662 5.1282e-01      1.436    1478.69     53.075     5.1314 109.320068    6.77284     43.874     1.2263  33.653212  0.000e+00
     43.456     7.5903    32.6225    25.4655 3.6630e-01      1.451    1478.68     53.010     5.1253 109.320068    6.77301     43.874     1.2263  33.651514  0.000e+00
     43.480     7.5898    32.6214    25.4647 2.5641e-01      1.458    1478.68     53.010     5.1254 109.320068    6.77313     43.898     1.2263  33.650058  0.000e+00
     43.503     7.5896    32.6212    25.4645 1.9536e-01      1.451    1478.68     53.010     5.1254 109.320069    6.77317     43.921     1.2263  33.649755  0.000e+00
     43.527     7.5890    32.6205    25.4640 1.4652e-01      1.421    1478.68     53.009     5.1254 109.320069    6.77330     43.946     1.1957  33.648481  0.000e+00
     43.540     7.5877    32.6199    25.4637 1.3431e-01      1.392    1478.67     53.085     5.1329 109.320070    6.77353     43.959     1.2263  33.646783  0.000e+00
     43.540     7.5863    32.6201    25.4642 1.0989e-01      1.370    1478.67     53.093     5.1339 109.320070    6.77374     43.959     1.1957  33.645813  0.000e+00
     43.576     7.5849    32.6217    25.4656 9.7680e-02      1.348    1478.66     53.101     5.1348 109.320071    6.77387     43.995     1.2263  33.646177  0.000e+00
     43.600     7.5848    32.6240    25.4674 9.7680e-02      1.326    1478.67     53.108     5.1354 109.320071    6.77380     44.020     1.1957  33.648118  0.000e+00
     43.605     7.5859    32.6254    25.4683 9.7680e-02      1.319    1478.67     53.038     5.1284 109.320072    6.77357     44.025     1.2263  33.650362  0.000e+00
     43.623     7.5880    32.6252    25.4679 9.7680e-02      1.311    1478.68     53.109     5.1350 109.320072    6.77324     44.043     1.2263  33.652060  0.000e+00
     43.636     7.5910    32.6240    25.4665 8.5470e-02      1.319    1478.69     53.113     5.1351 109.320073    6.77283     44.056     1.1957  33.653576  0.000e+00
     43.661     7.5933    32.6232    25.4656 8.5470e-02      1.370    1478.70     53.116     5.1352 109.320073    6.77251     44.080     1.2263  33.654850  0.000e+00
     43.683     7.5940    32.6241    25.4662 8.5470e-02      1.531    1478.70     53.119     5.1353 109.320074    6.77236     44.103     1.1957  33.656306  0.000e+00
     43.696     7.5933    32.6257    25.4676 8.5470e-02      1.590    1478.70     53.121     5.1355 109.320074    6.77239     44.116     1.1957  33.657216  0.000e+00
     43.708     7.5936    32.6258    25.4676 8.5470e-02      1.516    1478.70     53.122     5.1356 109.320075    6.77234     44.128     1.1957  33.657580  0.000e+00
     43.732     7.5946    32.6252    25.4669 8.5470e-02      1.429    1478.71     53.122     5.1355 109.320075    6.77222     44.152     1.1957  33.657822  0.000e+00
     43.750     7.5946    32.6253    25.4670 1.0989e-01      1.363    1478.71     53.121     5.1354 109.320076    6.77221     44.171     1.1957  33.657944  0.000e+00
     43.768     7.5949    32.6249    25.4667 1.2210e-01      1.319    1478.71     53.120     5.1352 109.320076    6.77218     44.189     1.1957  33.657883  0.000e+00
     43.781     7.5944    32.6254    25.4672 1.0989e-01      1.289    1478.71     53.117     5.1350 109.320077    6.77223     44.202     1.1957  33.657944  0.000e+00
     43.803     7.5944    32.6265    25.4680 9.7680e-02      1.304    1478.71     53.114     5.1347 109.320077    6.77219     44.225     1.1957  33.658914  0.000e+00
     43.816     7.5943    32.6269    25.4683 9.7680e-02      1.333    1478.71     53.109     5.1342 109.320078    6.77220     44.238     1.1957  33.659157  0.000e+00
     43.828     7.5941    32.6273    25.4686 8.5470e-02      1.333    1478.71     53.115     5.1348 109.320078    6.77220     44.249     1.2263  33.659400  0.000e+00
     43.864     7.5947    32.6277    25.4689 8.5470e-02      1.341    1478.71     53.121     5.1353 109.320079    6.77209     44.285     1.2263  33.660370  0.000e+00
     43.864     7.5960    32.6286    25.4694 9.7680e-02      1.363    1478.72     53.114     5.1345 109.320079    6.77185     44.285     1.2263  33.662311  0.000e+00
     43.894     7.5989    32.6279    25.4685 9.7680e-02      1.355    1478.73     53.107     5.1334 109.320080    6.77143     44.316     1.2263  33.664192  0.000e+00
     43.901     7.6011    32.6275    25.4678 9.7680e-02      1.333    1478.74     53.099     5.1324 109.320080    6.77109     44.323     1.1957  33.665769  0.000e+00
     43.924     7.6014    32.6274    25.4677 9.7680e-02      1.319    1478.74     53.090     5.1315 109.320081    6.77105     44.346     1.1957  33.666011  0.000e+00
     43.948     7.6013    32.6275    25.4678 8.5470e-02      1.326    1478.74     53.091     5.1317 109.320081    6.77107     44.371     1.1957  33.665951  0.000e+00
     43.961     7.6018    32.6274    25.4677 8.5470e-02      1.326    1478.74     53.081     5.1306 109.320082    6.77099     44.384     1.2263  33.666315  0.000e+00
     43.972     7.6010    32.6282    25.4684 9.7680e-02      1.319    1478.74     53.070     5.1296 109.320082    6.77109     44.395     1.1957  33.666315  0.000e+00
     43.997     7.5997    32.6287    25.4690 8.5470e-02      1.311    1478.74     53.069     5.1297 109.320082    6.77127     44.420     1.1957  33.665708  0.000e+00
     44.026     7.6003    32.6292    25.4693 9.7680e-02      1.319    1478.74     53.068     5.1295 109.320083    6.77114     44.449     1.1957  33.666740  0.000e+00
     44.021     7.6011    32.6306    25.4703 8.5470e-02      1.311    1478.74     53.066     5.1291 109.320083    6.77095     44.444     1.1957  33.668742  0.000e+00
     44.044     7.6018    32.6323    25.4715 8.5470e-02      1.304    1478.75     53.064     5.1288 109.320084    6.77078     44.467     1.2263  33.670865  0.000e+00
     44.068     7.6034    32.6329    25.4718 8.5470e-02      1.326    1478.76     53.061     5.1283 109.320084    6.77051     44.492     1.1957  33.672806  0.000e+00
     44.093     7.6063    32.6323    25.4709 8.5470e-02      1.341    1478.77     53.058     5.1277 109.320085    6.77008     44.517     1.1957  33.674869  0.000e+00
     44.093     7.6102    32.6330    25.4709 9.7680e-02      1.341    1478.78     53.054     5.1268 109.320085    6.76944     44.517     1.1957  33.678873  0.000e+00
     44.122     7.6130    32.6330    25.4705 9.7680e-02      1.341    1478.80     53.126     5.1335 109.320086    6.76900     44.546     1.2263  33.681360  0.000e+00
