ctd/data/2024/seabird/Flaskebekk.cnv
* Sea-Bird SBE 9 Data File:
* FileName = C:\CTD Brukere\UiO Kurs\Geo kurs 2024\Flaskebekk.hex
* Software Version Seasave V 7.26.7.121
* Temperature SN = 5352
* Conductivity SN = 3840
* Number of Bytes Per Scan = 38
* Number of Voltage Words = 5
* Number of Scans Averaged by the Deck Unit = 1
* NMEA Latitude = 59 51.99 N
* NMEA Longitude = 010 38.79 E
* NMEA UTC (Time) = Apr 18 2024 07:34:58
* NMEA baud rate = 4800
** Ship: R/V Trygve Braarud
** Cruise:
** Station:
** Operator:
# nquan = 15
# nvalues = 4073                                  
# units = specified
# name 0 = depSM: Depth [salt water, m]
# name 1 = t090C: Temperature [ITS-90, deg C]
# name 2 = sal00: Salinity, Practical [PSU]
# name 3 = sigma-t00: Density [sigma-t, kg/m^3 ]
# name 4 = flSP: Fluorescence, Seapoint
# name 5 = seaTurbMtr: Turbidity, Seapoint [FTU]
# name 6 = svCM: Sound Velocity [Chen-Millero, m/s]
# name 7 = sbeox0PS: Oxygen, SBE 43 [% saturation]
# name 8 = sbeox0Mg/L: Oxygen, SBE 43 [mg/l]
# name 9 = timeJ: Julian Days
# name 10 = oxsatML/L: Oxygen Saturation, Weiss [ml/l]
# name 11 = prDM: Pressure, Digiquartz [db]
# name 12 = wetStar: Fluorescence, WET Labs WETstar [mg/m^3]
# name 13 = c0mS/cm: Conductivity [mS/cm]
# name 14 = flag:  0.000e+00
# span 0 =      0.073,     60.847                 
# span 1 =     4.0470,     7.7069                 
# span 2 =     1.9331,    32.7050                 
# span 3 =     1.4944,    25.5170                 
# span 4 = 8.5470e-02, 1.8193e+00                 
# span 5 =      0.857,     22.667                 
# span 6 =    1431.38,    1479.45                 
# span 7 =     48.457,     84.236                 
# span 8 =     4.7622,     9.0424                 
# span 9 = 109.318646, 109.320610                 
# span 10 =    6.75159,    8.68281                
# span 11 =      0.073,     61.434                
# span 12 =    -0.3000,     3.5767                
# span 13 =   2.317993,  33.826042                
# span 14 = 0.0000e+00, 0.0000e+00                
# interval = seconds: 0.0416667
# start_time = Apr 18 2024 07:38:51 [System UTC, first data scan.]
# bad_flag = -9.990e-29
*END*
[from data line 1735]
     23.929     6.5759    31.5140    24.7283 1.0989e-01      1.048    1473.03     53.752     5.3587 109.319483    6.98526     24.158     1.5620  31.755049  0.000e+00
     23.970     6.5712    31.5161    24.7305 1.0989e-01      1.048    1473.01     53.779     5.3618 109.319483    6.98594     24.199     1.5620  31.753032  0.000e+00
     23.970     6.5680    31.5175    24.7321 1.0989e-01      1.062    1473.00     53.728     5.3571 109.319484    6.98640     24.199     1.5620  31.751609  0.000e+00
     23.981     6.5670    31.5170    24.7318 1.0989e-01      1.070    1473.00     53.754     5.3598 109.319484    6.98659     24.210     1.5620  31.750363  0.000e+00
     24.005     6.5671    31.5155    24.7306 1.0989e-01      1.077    1473.00     53.702     5.3548 109.319484    6.98663     24.235     1.5620  31.749177  0.000e+00
     24.030     6.5677    31.5114    24.7273 1.0989e-01      1.077    1472.99     53.716     5.3562 109.319485    6.98672     24.259     1.5620  31.745914  0.000e+00
     24.030     6.5667    31.5085    24.7252 1.3431e-01      1.062    1472.99     53.741     5.3589 109.319485    6.98702     24.259     1.5620  31.742415  0.000e+00
     24.038     6.5673    31.5131    24.7287 1.5873e-01      1.055    1473.00     53.687     5.3533 109.319486    6.98670     24.268     1.5620  31.747160  0.000e+00
     24.077     6.5779    31.5234    24.7355 1.5873e-01      1.055    1473.05     53.710     5.3539 109.319486    6.98449     24.307     1.5620  31.765432  0.000e+00
     24.077     6.6058    31.5484    24.7517 1.4652e-01      1.084    1473.19     53.654     5.3440 109.319487    6.97877     24.307     1.5926  31.811602  0.000e+00
     24.101     6.6699    31.5910    24.7771 1.2210e-01      1.084    1473.50     53.662     5.3353 109.319487    6.96631     24.332     1.5926  31.904316  0.000e+00
     24.112     6.7224    31.6364    24.8061 1.2210e-01      1.070    1473.76     53.680     5.3290 109.319488    6.95566     24.343     1.5926  31.989935  0.000e+00
     24.137     6.7527    31.6664    24.8258 1.0989e-01      1.055    1473.92     53.698     5.3259 109.319488    6.94936     24.368     1.5926  32.042896  0.000e+00
     24.145     6.7844    31.6736    24.8275 1.0989e-01      1.048    1474.05     53.648     5.3169 109.319489    6.94386     24.376     1.5620  32.076295  0.000e+00
     24.161     6.8048    31.6640    24.8173 1.0989e-01      1.055    1474.12     53.663     5.3162 109.319489    6.94097     24.392     1.5620  32.084750  0.000e+00
     24.185     6.8109    31.6416    24.7988 1.0989e-01      1.048    1474.12     53.612     5.3111 109.319490    6.94098     24.417     1.5620  32.069385  0.000e+00
     24.197     6.8054    31.6209    24.7832 1.0989e-01      1.048    1474.07     53.625     5.3139 109.319490    6.94281     24.428     1.5620  32.045808  0.000e+00
     24.221     6.7965    31.6108    24.7765 1.0989e-01      1.070    1474.02     53.648     5.3176 109.319491    6.94473     24.453     1.5620  32.029082  0.000e+00
     24.245     6.7903    31.6045    24.7723 1.2210e-01      1.077    1473.99     53.593     5.3131 109.319491    6.94602     24.477     1.5620  32.018132  0.000e+00
     24.253     6.7805    31.6008    24.7706 1.2210e-01      1.077    1473.95     53.613     5.3164 109.319492    6.94778     24.485     1.5620  32.006470  0.000e+00
     24.268     6.7749    31.6017    24.7720 1.0989e-01      1.070    1473.93     53.554     5.3113 109.319492    6.94866     24.500     1.5620  32.002543  0.000e+00
     24.292     6.7727    31.6080    24.7773 1.0989e-01      1.062    1473.93     53.571     5.3130 109.319493    6.94874     24.525     1.5620  32.006471  0.000e+00
     24.317     6.7754    31.6056    24.7750 1.0989e-01      1.070    1473.93     53.585     5.3142 109.319493    6.94840     24.549     1.5620  32.006530  0.000e+00
     24.328     6.7767    31.6012    24.7714 1.0989e-01      1.084    1473.93     53.609     5.3165 109.319494    6.94839     24.561     1.5620  32.003614  0.000e+00
     24.328     6.7769    31.5986    24.7694 1.0989e-01      1.099    1473.93     53.554     5.3111 109.319494    6.94846     24.561     1.5620  32.001532  0.000e+00
     24.385     6.7706    31.5924    24.7653 1.0989e-01      1.084    1473.90     53.574     5.3141 109.319495    6.94978     24.618     1.5620  31.990466  0.000e+00
     24.388     6.7543    31.5870    24.7632 9.7680e-02      1.084    1473.83     53.592     5.3181 109.319495    6.95269     24.621     1.5620  31.971849  0.000e+00
     24.412     6.7409    31.5862    24.7642 1.0989e-01      1.099    1473.78     53.619     5.3224 109.319496    6.95491     24.646     1.5620  31.959837  0.000e+00
     24.424     6.7342    31.5899    24.7680 9.7680e-02      1.092    1473.75     53.566     5.3179 109.319496    6.95584     24.657     1.5620  31.957518  0.000e+00
     24.448     6.7357    31.5927    24.7700 1.0989e-01      1.092    1473.76     53.587     5.3197 109.319497    6.95546     24.682     1.5620  31.961443  0.000e+00
     24.467     6.7463    31.5883    24.7652 1.0989e-01      1.099    1473.80     53.605     5.3203 109.319497    6.95393     24.702     1.5620  31.966319  0.000e+00
     24.484     6.7501    31.5875    24.7640 1.0989e-01      1.092    1473.82     53.555     5.3148 109.319497    6.95334     24.718     1.5620  31.968817  0.000e+00
     24.508     6.7468    31.5938    24.7694 1.3431e-01      1.099    1473.81     53.568     5.3163 109.319498    6.95361     24.742     1.5620  31.971731  0.000e+00
     24.532     6.7456    31.5990    24.7737 1.3431e-01      1.092    1473.81     53.589     5.3184 109.319498    6.95355     24.767     1.5620  31.975598  0.000e+00
     24.544     6.7457    31.6003    24.7747 1.2210e-01      1.092    1473.82     53.530     5.3125 109.319499    6.95348     24.778     1.5620  31.976847  0.000e+00
     24.532     6.7449    31.5975    24.7726 1.2210e-01      1.136    1473.81     53.545     5.3141 109.319499    6.95375     24.767     1.5620  31.973576  0.000e+00
     24.623     6.7427    31.5995    24.7745 1.2210e-01      1.179    1473.80     53.557     5.3156 109.319500    6.95401     24.859     1.5620  31.973576  0.000e+00
     24.617     6.7433    31.6055    24.7791 1.2210e-01      1.158    1473.81     53.577     5.3172 109.319500    6.95365     24.852     1.5620  31.979524  0.000e+00
     24.628     6.7546    31.6132    24.7837 1.2210e-01      1.128    1473.87     53.527     5.3106 109.319501    6.95144     24.864     1.5620  31.996180  0.000e+00
     24.652     6.7739    31.6219    24.7881 1.2210e-01      1.106    1473.96     53.539     5.3091 109.319501    6.94790     24.888     1.5620  32.020397  0.000e+00
     24.672     6.7968    31.6232    24.7862 1.0989e-01      1.084    1474.05     53.482     5.3006 109.319502    6.94411     24.908     1.5620  32.040929  0.000e+00
     24.688     6.8081    31.6226    24.7843 1.0989e-01      1.070    1474.09     53.499     5.3010 109.319502    6.94230     24.924     1.5620  32.049857  0.000e+00
     24.712     6.8103    31.6225    24.7839 1.2210e-01      1.070    1474.10     53.514     5.3022 109.319503    6.94194     24.949     1.5620  32.051643  0.000e+00
     24.737     6.8079    31.6225    24.7842 1.2210e-01      1.070    1474.09     53.526     5.3036 109.319503    6.94234     24.973     1.5620  32.049619  0.000e+00
     24.748     6.8068    31.6215    24.7835 1.0989e-01      1.077    1474.09     53.468     5.2981 109.319504    6.94256     24.985     1.5620  32.047774  0.000e+00
     24.779     6.8038    31.6250    24.7867 1.2210e-01      1.077    1474.08     53.483     5.2999 109.319504    6.94289     25.016     1.5620  32.048489  0.000e+00
     24.797     6.8030    31.6276    24.7888 1.0989e-01      1.077    1474.08     53.495     5.3010 109.319505    6.94290     25.034     1.5926  32.050215  0.000e+00
     24.819     6.8028    31.6297    24.7905 1.0989e-01      1.077    1474.08     53.438     5.2953 109.319505    6.94284     25.057     1.5926  32.051942  0.000e+00
     24.844     6.8032    31.6323    24.7925 1.0989e-01      1.084    1474.09     53.454     5.2967 109.319506    6.94266     25.081     1.5620  32.054621  0.000e+00
     24.863     6.8025    31.6334    24.7935 1.0989e-01      1.084    1474.09     53.389     5.2904 109.319506    6.94272     25.101     1.5926  32.055157  0.000e+00
     24.868     6.7954    31.6331    24.7942 1.0989e-01      1.084    1474.06     53.399     5.2922 109.319507    6.94390     25.106     1.5620  32.048847  0.000e+00
     24.904     6.7890    31.6290    24.7917 1.0989e-01      1.092    1474.03     53.481     5.3013 109.319507    6.94512     25.142     1.5620  32.039680  0.000e+00
     24.915     6.7842    31.6269    24.7907 1.3431e-01      1.092    1474.01     53.428     5.2967 109.319508    6.94599     25.153     1.5926  32.033788  0.000e+00
     24.928     6.7845    31.6274    24.7911 1.4652e-01      1.099    1474.01     53.359     5.2898 109.319508    6.94593     25.166     1.5620  32.034443  0.000e+00
     24.972     6.7890    31.6275    24.7906 1.4652e-01      1.099    1474.03     53.287     5.2821 109.319509    6.94519     25.211     1.5926  32.038371  0.000e+00
     24.988     6.7911    31.6263    24.7893 1.3431e-01      1.099    1474.03     53.364     5.2896 109.319509    6.94491     25.227     1.5620  32.038966  0.000e+00
     24.999     6.7930    31.6251    24.7881 1.2210e-01      1.099    1474.04     53.295     5.2826 109.319510    6.94465     25.238     1.5620  32.039502  0.000e+00
     25.024     6.7938    31.6282    24.7905 1.2210e-01      1.114    1474.05     53.376     5.2904 109.319510    6.94438     25.263     1.5620  32.043014  0.000e+00
     25.043     6.7941    31.6315    24.7930 1.0989e-01      1.121    1474.05     53.311     5.2837 109.319511    6.94418     25.283     1.5620  32.046347  0.000e+00
     25.059     6.7946    31.6362    24.7967 1.0989e-01      1.128    1474.06     53.317     5.2841 109.319511    6.94389     25.299     1.5620  32.051050  0.000e+00
     25.084     6.8001    31.6459    24.8036 1.0989e-01      1.128    1474.09     53.330     5.2844 109.319511    6.94255     25.324     1.5620  32.064625  0.000e+00
     25.095     6.8160    31.6514    24.8059 9.7680e-02      1.114    1474.16     53.273     5.2766 109.319512    6.93971     25.335     1.5620  32.083084  0.000e+00
     25.114     6.8299    31.6502    24.8032 9.7680e-02      1.106    1474.22     53.277     5.2754 109.319512    6.93750     25.355     1.5315  32.093744  0.000e+00
     25.131     6.8343    31.6535    24.8052 9.7680e-02      1.099    1474.24     53.289     5.2759 109.319513    6.93664     25.371     1.5315  32.100475  0.000e+00
     25.155     6.8344    31.6620    24.8118 1.0989e-01      1.099    1474.25     53.297     5.2764 109.319513    6.93623     25.396     1.5315  32.108338  0.000e+00
     25.174     6.8389    31.6654    24.8140 1.0989e-01      1.136    1474.27     53.234     5.2695 109.319514    6.93536     25.415     1.5315  32.115249  0.000e+00
     25.191     6.8457    31.6714    24.8178 1.2210e-01      1.150    1474.31     53.243     5.2694 109.319514    6.93397     25.432     1.5315  32.126569  0.000e+00
     25.215     6.8582    31.6740    24.8183 1.3431e-01      1.172    1474.36     53.248     5.2682 109.319515    6.93183     25.456     1.5315  32.139440  0.000e+00
     25.239     6.8672    31.6713    24.8149 1.2210e-01      1.289    1474.39     53.259     5.2683 109.319515    6.93049     25.481     1.5315  32.144565  0.000e+00
     25.234     6.8749    31.6620    24.8066 1.2210e-01      1.304    1474.41     53.188     5.2607 109.319516    6.92965     25.476     1.5315  32.142597  0.000e+00
     25.275     6.8784    31.6525    24.7987 1.0989e-01      1.231    1474.41     53.190     5.2608 109.319516    6.92952     25.517     1.5315  32.136816  0.000e+00
     25.275     6.8771    31.6490    24.7961 1.0989e-01      1.179    1474.40     53.199     5.2619 109.319517    6.92989     25.517     1.5620  32.132525  0.000e+00
     25.299     6.8774    31.6488    24.7959 1.0989e-01      1.150    1474.41     53.213     5.2633 109.319517    6.92985     25.541     1.5315  32.132585  0.000e+00
     25.319     6.8733    31.6454    24.7937 1.0989e-01      1.128    1474.38     53.147     5.2574 109.319518    6.93067     25.561     1.5620  32.125971  0.000e+00
     25.335     6.8603    31.6443    24.7946 1.2210e-01      1.114    1474.33     53.153     5.2596 109.319518    6.93282     25.577     1.5620  32.114115  0.000e+00
     25.346     6.8486    31.6468    24.7981 1.2210e-01      1.106    1474.29     53.166     5.2621 109.319519    6.93461     25.589     1.5620  32.106550  0.000e+00
     25.366     6.8415    31.6445    24.7972 1.0989e-01      1.106    1474.26     53.108     5.2574 109.319519    6.93588     25.609     1.5620  32.098390  0.000e+00
     25.384     6.8305    31.6403    24.7953 1.0989e-01      1.114    1474.21     53.111     5.2592 109.319520    6.93786     25.627     1.5315  32.085228  0.000e+00
     25.406     6.8201    31.6352    24.7926 1.0989e-01      1.121    1474.17     53.121     5.2616 109.319520    6.93977     25.649     1.5315  32.071829  0.000e+00
     25.406     6.8102    31.6351    24.7938 1.0989e-01      1.114    1474.13     53.137     5.2644 109.319521    6.94140     25.649     1.5620  32.063315  0.000e+00
     25.439     6.8039    31.6369    24.7960 1.0989e-01      1.106    1474.10     53.071     5.2586 109.319521    6.94233     25.682     1.5620  32.059743  0.000e+00
     25.455     6.8014    31.6386    24.7977 1.0989e-01      1.099    1474.10     53.077     5.2594 109.319522    6.94266     25.699     1.5620  32.059208  0.000e+00
     25.455     6.8017    31.6393    24.7982 1.0989e-01      1.084    1474.10     53.012     5.2529 109.319522    6.94259     25.699     1.5620  32.060101  0.000e+00
     25.486     6.8018    31.6398    24.7986 9.7680e-02      1.084    1474.10     53.009     5.2525 109.319523    6.94256     25.730     1.5315  32.060577  0.000e+00
     25.491     6.8009    31.6373    24.7967 1.0989e-01      1.092    1474.09     53.011     5.2530 109.319523    6.94280     25.735     1.5620  32.057600  0.000e+00
     25.515     6.7967    31.6348    24.7953 9.7680e-02      1.092    1474.07     52.944     5.2470 109.319524    6.94361     25.759     1.5315  32.051707  0.000e+00
     25.526     6.7955    31.6303    24.7919 1.0989e-01      1.106    1474.06     52.950     5.2478 109.319524    6.94400     25.771     1.5315  32.046706  0.000e+00
     25.546     6.7934    31.6298    24.7918 1.7094e-01      1.128    1474.06     52.950     5.2481 109.319524    6.94436     25.790     1.5315  32.044504  0.000e+00
     25.551     6.7939    31.6327    24.7940 2.1978e-01      1.150    1474.06     52.881     5.2411 109.319525    6.94416     25.795     1.5315  32.047480  0.000e+00
     25.575     6.7966    31.6355    24.7959 1.9536e-01      1.158    1474.08     52.872     5.2398 109.319525    6.94359     25.820     1.5315  32.052362  0.000e+00
     25.581     6.7989    31.6379    24.7975 1.7094e-01      1.158    1474.09     52.869     5.2392 109.319526    6.94311     25.826     1.5315  32.056469  0.000e+00
     25.586     6.8014    31.6395    24.7984 1.4652e-01      1.150    1474.10     52.797     5.2316 109.319526    6.94263     25.831     1.5315  32.060101  0.000e+00
     25.611     6.8041    31.6406    24.7990 1.3431e-01      1.158    1474.11     52.797     5.2312 109.319527    6.94213     25.856     1.5315  32.063435  0.000e+00
     25.630     6.8079    31.6428    24.8002 1.2210e-01      1.209    1474.13     52.715     5.2226 109.319527    6.94142     25.875     1.5315  32.068615  0.000e+00
     25.635     6.8146    31.6451    24.8011 1.2210e-01      1.253    1474.16     52.706     5.2208 109.319528    6.94023     25.880     1.5315  32.076356  0.000e+00
     25.646     6.8221    31.6463    24.8011 1.0989e-01      1.253    1474.19     52.704     5.2197 109.319528    6.93895     25.892     1.5315  32.083740  0.000e+00
