ctd/data/2024/seabird/GF1.cnv
* Sea-Bird SBE 9 Data File:
* FileName = C:\CTD Brukere\UiO Kurs\Geo kurs 2024\GF1.hex
* Software Version Seasave V 7.26.7.121
* Temperature SN = 5352
* Conductivity SN = 3840
* Number of Bytes Per Scan = 38
* Number of Voltage Words = 5
* Number of Scans Averaged by the Deck Unit = 1
* NMEA Latitude = 59 52.43 N
* NMEA Longitude = 010 40.50 E
* NMEA UTC (Time) = Apr 18 2024 08:28:59
* NMEA baud rate = 4800
** Ship: R/V Trygve Braarud
** Cruise:
** Station:
** Operator:
# nquan = 15
# nvalues = 3728                                  
# units = specified
# name 0 = depSM: Depth [salt water, m]
# name 1 = t090C: Temperature [ITS-90, deg C]
# name 2 = sal00: Salinity, Practical [PSU]
# name 3 = sigma-t00: Density [sigma-t, kg/m^3 ]
# name 4 = flSP: Fluorescence, Seapoint
# name 5 = seaTurbMtr: Turbidity, Seapoint [FTU]
# name 6 = svCM: Sound Velocity [Chen-Millero, m/s]
# name 7 = sbeox0PS: Oxygen, SBE 43 [% saturation]
# name 8 = sbeox0Mg/L: Oxygen, SBE 43 [mg/l]
# name 9 = timeJ: Julian Days
# name 10 = oxsatML/L: Oxygen Saturation, Weiss [ml/l]
# name 11 = prDM: Pressure, Digiquartz [db]
# name 12 = wetStar: Fluorescence, WET Labs WETstar [mg/m^3]
# name 13 = c0mS/cm: Conductivity [mS/cm]
# name 14 = flag:  0.000e+00
# span 0 =      0.227,     53.693                 
# span 1 =     4.2121,     8.0182                 
# span 2 =    21.1236,    32.7448                 
# span 3 =    16.5246,    25.5046                 
# span 4 = 8.5470e-02, 2.4176e+00                 
# span 5 =      0.930,     30.000                 
# span 6 =    1456.47,    1480.63                 
# span 7 =     43.822,     88.063                 
# span 8 =     4.1946,     9.3382                 
# span 9 = 109.353576, 109.355374                 
# span 10 =    6.70149,    7.65627                
# span 11 =      0.229,     54.211                
# span 12 =     1.2263,     3.4546                
# span 13 =  22.234157,  34.143015                
# span 14 = 0.0000e+00, 0.0000e+00                
# interval = seconds: 0.0416667
# start_time = Apr 18 2024 08:29:09 [System UTC, first data scan.]
# bad_flag = -9.990e-29
*END*
[from data line 193]
      0.298     6.8539    21.1658    16.5588 1.0012e+00      1.509    1460.82     87.228     9.2488 109.353669    7.42246      0.301     3.1799  22.269220  0.000e+00
      0.312     6.8538    21.1655    16.5585 8.7912e-01      1.509    1460.82     87.196     9.2454 109.353670    7.42250      0.315     3.1799  22.268854  0.000e+00
      0.299     6.8529    21.1658    16.5589 8.7912e-01      1.524    1460.82     87.239     9.2501 109.353670    7.42265      0.302     3.1493  22.268593  0.000e+00
      0.312     6.8524    21.1667    16.5596 9.8901e-01      1.538    1460.82     87.215     9.2477 109.353671    7.42269      0.315     3.1493  22.269167  0.000e+00
      0.298     6.8525    21.1678    16.5604 1.0012e+00      1.553    1460.82     87.180     9.2439 109.353671    7.42263      0.301     3.1493  22.270211  0.000e+00
      0.299     6.8526    21.1682    16.5608 9.7680e-01      1.553    1460.82     87.220     9.2481 109.353672    7.42260      0.302     3.1799  22.270681  0.000e+00
      0.299     6.8529    21.1678    16.5604 1.0745e+00      1.553    1460.82     87.271     9.2535 109.353672    7.42255      0.302     3.1493  22.270472  0.000e+00
      0.299     6.8535    21.1669    16.5597 1.0623e+00      1.553    1460.82     87.169     9.2425 109.353673    7.42249      0.302     3.1493  22.270002  0.000e+00
      0.298     6.8542    21.1660    16.5589 9.7680e-01      1.582    1460.83     87.131     9.2384 109.353673    7.42240      0.301     3.1493  22.269585  0.000e+00
      0.299     6.8545    21.1654    16.5584 8.9133e-01      1.648    1460.83     87.323     9.2588 109.353674    7.42239      0.302     3.1799  22.269115  0.000e+00
      0.288     6.8548    21.1633    16.5567 8.5470e-01      1.692    1460.82     87.231     9.2490 109.353674    7.42244      0.291     3.1799  22.267236  0.000e+00
      0.288     6.8548    21.1623    16.5559 8.0586e-01      1.663    1460.82     87.128     9.2382 109.353675    7.42248      0.291     3.1799  22.266349  0.000e+00
      0.287     6.8552    21.1633    16.5566 8.1807e-01      1.634    1460.83     87.232     9.2491 109.353675    7.42236      0.289     3.1493  22.267497  0.000e+00
      0.275     6.8553    21.1643    16.5575 8.3028e-01      1.619    1460.83     87.206     9.2462 109.353676    7.42230      0.278     3.1493  22.268541  0.000e+00
      0.264     6.8548    21.1652    16.5582 8.3028e-01      1.597    1460.83     87.180     9.2435 109.353676    7.42234      0.266     3.1493  22.269063  0.000e+00
      0.264     6.8546    21.1654    16.5584 7.8144e-01      1.597    1460.83     87.144     9.2397 109.353677    7.42236      0.266     3.1188  22.269219  0.000e+00
      0.262     6.8545    21.1659    16.5588 7.4481e-01      1.590    1460.83     87.185     9.2441 109.353677    7.42235      0.265     3.1493  22.269637  0.000e+00
      0.253     6.8542    21.1660    16.5589 7.6923e-01      1.568    1460.82     87.161     9.2416 109.353678    7.42241      0.255     3.1493  22.269480  0.000e+00
      0.253     6.8542    21.1661    16.5589 7.2039e-01      1.560    1460.82     87.216     9.2474 109.353678    7.42241      0.255     3.1493  22.269585  0.000e+00
      0.253     6.8538    21.1666    16.5594 7.2039e-01      1.553    1460.82     87.195     9.2452 109.353679    7.42245      0.255     3.1493  22.269846  0.000e+00
      0.253     6.8538    21.1666    16.5594 1.0745e+00      1.568    1460.82     87.163     9.2419 109.353679    7.42246      0.255     3.1493  22.269794  0.000e+00
      0.238     6.8537    21.1667    16.5595 1.3797e+00      1.604    1460.82     87.133     9.2387 109.353680    7.42247      0.240     3.1493  22.269846  0.000e+00
      0.253     6.8538    21.1670    16.5597 1.4530e+00      1.612    1460.82     87.182     9.2438 109.353680    7.42243      0.255     3.1493  22.270211  0.000e+00
      0.240     6.8538    21.1669    16.5596 1.4164e+00      1.597    1460.82     87.155     9.2410 109.353681    7.42243      0.242     3.1493  22.270159  0.000e+00
      0.240     6.8533    21.1667    16.5595 1.5385e+00      1.582    1460.82     87.207     9.2466 109.353681    7.42254      0.242     3.1493  22.269637  0.000e+00
      0.238     6.8532    21.1669    16.5597 2.0513e+00      1.575    1460.82     87.183     9.2441 109.353682    7.42254      0.240     3.1493  22.269794  0.000e+00
      0.240     6.8532    21.1675    16.5602 2.4176e+00      1.575    1460.82     87.162     9.2418 109.353682    7.42251      0.242     3.1493  22.270368  0.000e+00
      0.240     6.8534    21.1687    16.5610 2.1490e+00      1.568    1460.82     87.131     9.2384 109.353682    7.42243      0.242     3.1493  22.271568  0.000e+00
      0.240     6.8531    21.1695    16.5617 1.6606e+00      1.546    1460.82     87.179     9.2435 109.353683    7.42244      0.242     3.1493  22.272194  0.000e+00
      0.238     6.8532    21.1692    16.5615 1.4286e+00      1.524    1460.82     87.164     9.2419 109.353683    7.42243      0.240     3.1493  22.271986  0.000e+00
      0.240     6.8538    21.1667    16.5595 1.3553e+00      1.524    1460.82     87.139     9.2393 109.353684    7.42244      0.242     3.1493  22.270002  0.000e+00
      0.228     6.8556    21.1624    16.5559 1.3309e+00      1.538    1460.83     87.194     9.2450 109.353684    7.42233      0.230     3.1799  22.266871  0.000e+00
      0.240     6.8555    21.1602    16.5542 1.2088e+00      1.568    1460.82     87.175     9.2432 109.353685    7.42246      0.242     3.1799  22.264731  0.000e+00
      0.238     6.8556    21.1595    16.5536 1.1966e+00      1.582    1460.82     87.148     9.2403 109.353685    7.42247      0.240     3.1493  22.264053  0.000e+00
      0.240     6.8546    21.1596    16.5538 1.1844e+00      1.582    1460.82     87.200     9.2460 109.353686    7.42264      0.242     3.1493  22.263635  0.000e+00
      0.240     6.8545    21.1593    16.5536 1.0989e+00      1.568    1460.82     87.189     9.2449 109.353686    7.42268      0.242     3.1188  22.263218  0.000e+00
      0.240     6.8542    21.1585    16.5530 9.6459e-01      1.568    1460.81     87.246     9.2510 109.353687    7.42277      0.242     3.1188  22.262279  0.000e+00
      0.238     6.8545    21.1579    16.5525 8.3028e-01      1.553    1460.82     87.152     9.2411 109.353687    7.42274      0.240     3.1188  22.261966  0.000e+00
      0.240     6.8545    21.1571    16.5518 7.5702e-01      1.524    1460.81     87.127     9.2385 109.353688    7.42279      0.242     3.1493  22.261078  0.000e+00
      0.253     6.8543    21.1557    16.5508 6.7155e-01      1.480    1460.81     87.171     9.2433 109.353688    7.42288      0.255     3.1493  22.259670  0.000e+00
      0.240     6.8540    21.1531    16.5488 6.1050e-01      1.443    1460.81     87.153     9.2416 109.353689    7.42307      0.242     3.1493  22.257008  0.000e+00
      0.251     6.8551    21.1491    16.5455 5.7387e-01      1.429    1460.81     87.203     9.2469 109.353689    7.42308      0.253     3.1188  22.253721  0.000e+00
      0.253     6.8561    21.1449    16.5421 5.7387e-01      1.421    1460.81     87.191     9.2456 109.353690    7.42310      0.255     3.1188  22.250330  0.000e+00
      0.253     6.8578    21.1405    16.5385 5.7387e-01      1.429    1460.81     87.170     9.2433 109.353690    7.42300      0.255     3.1493  22.247095  0.000e+00
      0.253     6.8589    21.1365    16.5353 5.6166e-01      1.436    1460.81     87.230     9.2497 109.353691    7.42299      0.255     3.1493  22.243965  0.000e+00
      0.251     6.8605    21.1312    16.5309 5.4945e-01      1.473    1460.81     87.217     9.2483 109.353691    7.42297      0.253     3.1493  22.239739  0.000e+00
      0.253     6.8623    21.1255    16.5263 5.2503e-01      1.509    1460.81     87.207     9.2472 109.353692    7.42293      0.255     3.1188  22.235357  0.000e+00
      0.264     6.8634    21.1236    16.5246 5.1282e-01      1.546    1460.81     87.191     9.2453 109.353692    7.42282      0.266     3.1493  22.234157  0.000e+00
      0.253     6.8637    21.1241    16.5250 5.1282e-01      1.582    1460.81     87.166     9.2426 109.353693    7.42274      0.255     3.1493  22.234783  0.000e+00
      0.262     6.8640    21.1253    16.5259 5.2503e-01      1.597    1460.81     87.147     9.2404 109.353693    7.42263      0.265     3.1493  22.236140  0.000e+00
      0.264     6.8639    21.1283    16.5283 5.4945e-01      1.597    1460.82     87.120     9.2374 109.353694    7.42251      0.266     3.1493  22.238956  0.000e+00
      0.253     6.8623    21.1340    16.5329 5.6166e-01      1.590    1460.82     87.175     9.2432 109.353694    7.42252      0.255     3.1493  22.243495  0.000e+00
      0.264     6.8593    21.1403    16.5382 6.2271e-01      1.560    1460.81     87.158     9.2417 109.353695    7.42275      0.266     3.1493  22.247773  0.000e+00
      0.264     6.8561    21.1463    16.5432 7.4481e-01      1.531    1460.81     87.134     9.2395 109.353695    7.42303      0.266     3.1188  22.251686  0.000e+00
      0.251     6.8544    21.1505    16.5467 9.1575e-01      1.495    1460.81     87.190     9.2456 109.353696    7.42312      0.253     3.1188  22.254713  0.000e+00
      0.264     6.8542    21.1534    16.5490 9.8901e-01      1.473    1460.81     87.186     9.2450 109.353696    7.42302      0.266     3.1493  22.257426  0.000e+00
      0.253     6.8532    21.1553    16.5506 9.5238e-01      1.465    1460.81     87.163     9.2427 109.353696    7.42310      0.255     3.1493  22.258626  0.000e+00
      0.253     6.8523    21.1567    16.5518 9.0354e-01      1.451    1460.81     87.134     9.2397 109.353697    7.42320      0.255     3.1799  22.259461  0.000e+00
      0.262     6.8506    21.1590    16.5537 8.6691e-01      1.443    1460.80     87.133     9.2398 109.353697    7.42339      0.265     3.1493  22.260609  0.000e+00
      0.240     6.8499    21.1600    16.5546 8.1807e-01      1.436    1460.80     87.190     9.2460 109.353698    7.42347      0.242     3.1493  22.261183  0.000e+00
      0.253     6.8493    21.1607    16.5552 8.0586e-01      1.451    1460.80     87.165     9.2434 109.353698    7.42355      0.255     3.1799  22.261444  0.000e+00
      0.253     6.8486    21.1611    16.5556 8.6691e-01      1.480    1460.80     87.156     9.2425 109.353699    7.42364      0.255     3.1493  22.261496  0.000e+00
      0.238     6.8485    21.1605    16.5552 8.9133e-01      1.487    1460.79     87.140     9.2409 109.353699    7.42369      0.240     3.1493  22.260870  0.000e+00
      0.253     6.8493    21.1583    16.5534 7.9365e-01      1.487    1460.79     87.118     9.2386 109.353700    7.42366      0.255     3.1493  22.259200  0.000e+00
      0.240     6.8505    21.1556    16.5511 7.3260e-01      1.502    1460.80     87.090     9.2355 109.353700    7.42356      0.242     3.1493  22.257374  0.000e+00
      0.240     6.8527    21.1527    16.5486 7.4481e-01      1.531    1460.80     87.144     9.2409 109.353701    7.42332      0.242     3.1493  22.255808  0.000e+00
      0.238     6.8538    21.1521    16.5480 7.9365e-01      1.546    1460.81     87.126     9.2389 109.353701    7.42315      0.240     3.1493  22.255913  0.000e+00
      0.253     6.8532    21.1526    16.5485 8.6691e-01      1.546    1460.80     87.115     9.2378 109.353702    7.42323      0.255     3.1493  22.256069  0.000e+00
      0.240     6.8542    21.1519    16.5478 8.5470e-01      1.524    1460.81     87.098     9.2358 109.353702    7.42309      0.242     3.1493  22.255913  0.000e+00
      0.240     6.8565    21.1501    16.5461 8.4249e-01      1.502    1460.81     87.151     9.2410 109.353703    7.42277      0.242     3.1493  22.255547  0.000e+00
      0.238     6.8574    21.1488    16.5450 8.1807e-01      1.487    1460.82     87.057     9.2309 109.353703    7.42266      0.240     3.1493  22.254869  0.000e+00
      0.240     6.8569    21.1488    16.5451 7.6923e-01      1.473    1460.81     87.111     9.2367 109.353704    7.42276      0.242     3.1493  22.254556  0.000e+00
      0.240     6.8567    21.1487    16.5450 7.2039e-01      1.473    1460.81     87.094     9.2350 109.353704    7.42280      0.242     3.1493  22.254347  0.000e+00
      0.264     6.8565    21.1492    16.5455 7.0818e-01      1.480    1460.81     87.160     9.2420 109.353705    7.42280      0.266     3.1493  22.254765  0.000e+00
      0.238     6.8554    21.1524    16.5481 7.4481e-01      1.487    1460.81     87.154     9.2414 109.353705    7.42286      0.240     3.1493  22.257113  0.000e+00
      0.253     6.8535    21.1566    16.5516 7.6923e-01      1.487    1460.81     87.144     9.2405 109.353706    7.42298      0.255     3.1799  22.260087  0.000e+00
      0.275     6.8516    21.1597    16.5542 7.9365e-01      1.495    1460.81     87.128     9.2390 109.353706    7.42318      0.278     3.1493  22.261914  0.000e+00
      0.253     6.8500    21.1622    16.5563 7.8144e-01      1.495    1460.80     87.118     9.2381 109.353707    7.42334      0.255     3.1493  22.263375  0.000e+00
      0.275     6.8499    21.1623    16.5564 7.0818e-01      1.502    1460.80     87.102     9.2365 109.353707    7.42335      0.278     3.1493  22.263427  0.000e+00
      0.275     6.8497    21.1622    16.5563 6.7155e-01      1.524    1460.80     87.158     9.2425 109.353708    7.42339      0.278     3.1493  22.263166  0.000e+00
      0.275     6.8496    21.1613    16.5557 6.8376e-01      1.560    1460.80     87.154     9.2422 109.353708    7.42346      0.278     3.1493  22.262279  0.000e+00
      0.288     6.8510    21.1589    16.5536 7.3260e-01      1.612    1460.80     87.145     9.2411 109.353709    7.42333      0.291     3.1493  22.260766  0.000e+00
      0.288     6.8518    21.1576    16.5525 9.1575e-01      1.648    1460.81     87.131     9.2395 109.353709    7.42323      0.291     3.1493  22.260035  0.000e+00
      0.298     6.8518    21.1575    16.5525 1.1355e+00      1.670    1460.80     87.124     9.2387 109.353709    7.42325      0.301     3.1493  22.259931  0.000e+00
      0.299     6.8514    21.1584    16.5532 1.1722e+00      1.656    1460.80     87.112     9.2375 109.353710    7.42327      0.302     3.1493  22.260609  0.000e+00
      0.299     6.8513    21.1591    16.5537 1.1355e+00      1.612    1460.80     87.184     9.2450 109.353710    7.42326      0.302     3.1493  22.261131  0.000e+00
      0.299     6.8512    21.1587    16.5535 1.0623e+00      1.568    1460.80     87.173     9.2440 109.353711    7.42330      0.302     3.1493  22.260766  0.000e+00
      0.311     6.8508    21.1583    16.5532 9.0354e-01      1.538    1460.80     87.158     9.2425 109.353711    7.42338      0.314     3.1493  22.260140  0.000e+00
      0.288     6.8505    21.1583    16.5532 7.4481e-01      1.531    1460.80     87.150     9.2417 109.353712    7.42344      0.291     3.1188  22.259931  0.000e+00
      0.312     6.8483    21.1590    16.5540 6.5934e-01      1.516    1460.79     87.137     9.2408 109.353712    7.42380      0.315     3.1188  22.259253  0.000e+00
      0.299     6.8483    21.1584    16.5535 6.4713e-01      1.502    1460.79     87.130     9.2401 109.353713    7.42382      0.302     3.1493  22.258731  0.000e+00
      0.298     6.8502    21.1575    16.5526 6.7155e-01      1.502    1460.80     87.196     9.2467 109.353713    7.42354      0.301     3.1493  22.258939  0.000e+00
      0.312     6.8518    21.1566    16.5517 6.8376e-01      1.509    1460.80     87.191     9.2459 109.353714    7.42329      0.315     3.1493  22.259044  0.000e+00
      0.299     6.8528    21.1563    16.5514 7.4481e-01      1.502    1460.81     87.194     9.2460 109.353714    7.42313      0.302     3.1493  22.259357  0.000e+00
      0.299     6.8529    21.1569    16.5519 8.3028e-01      1.509    1460.81     87.192     9.2457 109.353715    7.42308      0.302     3.1493  22.260035  0.000e+00
      0.311     6.8534    21.1567    16.5517 9.0354e-01      1.546    1460.81     87.187     9.2451 109.353715    7.42300      0.314     3.1493  22.260139  0.000e+00
