ctd/data/2024/seabird/GF1.cnv
* Sea-Bird SBE 9 Data File:
* FileName = C:\CTD Brukere\UiO Kurs\Geo kurs 2024\GF1.hex
* Software Version Seasave V 7.26.7.121
* Temperature SN = 5352
* Conductivity SN = 3840
* Number of Bytes Per Scan = 38
* Number of Voltage Words = 5
* Number of Scans Averaged by the Deck Unit = 1
* NMEA Latitude = 59 52.43 N
* NMEA Longitude = 010 40.50 E
* NMEA UTC (Time) = Apr 18 2024 08:28:59
* NMEA baud rate = 4800
** Ship: R/V Trygve Braarud
** Cruise:
** Station:
** Operator:
# nquan = 15
# nvalues = 3728                                  
# units = specified
# name 0 = depSM: Depth [salt water, m]
# name 1 = t090C: Temperature [ITS-90, deg C]
# name 2 = sal00: Salinity, Practical [PSU]
# name 3 = sigma-t00: Density [sigma-t, kg/m^3 ]
# name 4 = flSP: Fluorescence, Seapoint
# name 5 = seaTurbMtr: Turbidity, Seapoint [FTU]
# name 6 = svCM: Sound Velocity [Chen-Millero, m/s]
# name 7 = sbeox0PS: Oxygen, SBE 43 [% saturation]
# name 8 = sbeox0Mg/L: Oxygen, SBE 43 [mg/l]
# name 9 = timeJ: Julian Days
# name 10 = oxsatML/L: Oxygen Saturation, Weiss [ml/l]
# name 11 = prDM: Pressure, Digiquartz [db]
# name 12 = wetStar: Fluorescence, WET Labs WETstar [mg/m^3]
# name 13 = c0mS/cm: Conductivity [mS/cm]
# name 14 = flag:  0.000e+00
# span 0 =      0.227,     53.693                 
# span 1 =     4.2121,     8.0182                 
# span 2 =    21.1236,    32.7448                 
# span 3 =    16.5246,    25.5046                 
# span 4 = 8.5470e-02, 2.4176e+00                 
# span 5 =      0.930,     30.000                 
# span 6 =    1456.47,    1480.63                 
# span 7 =     43.822,     88.063                 
# span 8 =     4.1946,     9.3382                 
# span 9 = 109.353576, 109.355374                 
# span 10 =    6.70149,    7.65627                
# span 11 =      0.229,     54.211                
# span 12 =     1.2263,     3.4546                
# span 13 =  22.234157,  34.143015                
# span 14 = 0.0000e+00, 0.0000e+00                
# interval = seconds: 0.0416667
# start_time = Apr 18 2024 08:29:09 [System UTC, first data scan.]
# bad_flag = -9.990e-29
*END*
[from data line 1543]
     28.357     7.0947    31.7729    24.8651 9.7680e-02      1.114    1475.46     51.588     5.0729 109.354321    6.88916     28.629     1.4705  32.432014  0.000e+00
     28.373     7.0817    31.7454    24.8451 9.7680e-02      1.121    1475.37     51.599     5.0764 109.354321    6.89248     28.645     1.4705  32.395604  0.000e+00
     28.404     7.0603    31.7197    24.8277 9.7680e-02      1.114    1475.26     51.547     5.0747 109.354321    6.89708     28.676     1.4705  32.353772  0.000e+00
     28.433     7.0288    31.7090    24.8235 9.7680e-02      1.106    1475.12     51.564     5.0803 109.354322    6.90264     28.706     1.5010  32.317218  0.000e+00
     28.458     7.0059    31.7293    24.8424 9.7680e-02      1.121    1475.06     51.583     5.0842 109.354322    6.90542     28.730     1.5010  32.316563  0.000e+00
     28.477     7.0125    31.7455    24.8544 9.7680e-02      1.172    1475.11     51.527     5.0774 109.354323    6.90363     28.750     1.4705  32.337050  0.000e+00
     28.505     6.9968    31.7335    24.8470 9.7680e-02      1.172    1475.03     51.474     5.0744 109.354323    6.90669     28.778     1.4705  32.312802  0.000e+00
     28.524     6.9705    31.7448    24.8593 9.7680e-02      1.150    1474.94     51.488     5.0785 109.354324    6.91044     28.797     1.4705  32.300862  0.000e+00
     28.553     6.9667    31.6803    24.8090 9.7680e-02      1.128    1474.85     51.428     5.0752 109.354324    6.91396     28.827     1.4705  32.238309  0.000e+00
     28.578     6.9344    31.6248    24.7695 9.7680e-02      1.121    1474.65     51.447     5.0826 109.354325    6.92167     28.851     1.5010  32.160125  0.000e+00
     28.609     6.9092    31.6081    24.7597 9.7680e-02      1.114    1474.53     51.390     5.0806 109.354325    6.92651     28.883     1.5010  32.123534  0.000e+00
     28.625     6.8898    31.6066    24.7611 1.0989e-01      1.106    1474.46     51.402     5.0841 109.354326    6.92973     28.899     1.5010  32.105841  0.000e+00
     28.656     6.8739    31.6301    24.7816 9.7680e-02      1.092    1474.42     51.338     5.0788 109.354326    6.93125     28.930     1.5010  32.114005  0.000e+00
     28.673     6.8879    31.6681    24.8097 9.7680e-02      1.084    1474.53     51.276     5.0698 109.354327    6.92727     28.948     1.4705  32.160667  0.000e+00
     28.698     6.9153    31.7010    24.8321 1.0989e-01      1.084    1474.67     51.281     5.0660 109.354327    6.92135     28.973     1.4705  32.213974  0.000e+00
     28.729     6.9405    31.7053    24.8321 1.0989e-01      1.092    1474.78     51.222     5.0571 109.354328    6.91707     29.004     1.4705  32.239207  0.000e+00
     28.758     6.9474    31.7024    24.8290 1.0989e-01      1.106    1474.80     51.231     5.0573 109.354328    6.91609     29.033     1.4705  32.242428  0.000e+00
     28.769     6.9548    31.7141    24.8372 1.2210e-01      1.114    1474.85     51.165     5.0495 109.354329    6.91436     29.045     1.4705  32.259495  0.000e+00
     28.813     6.9738    31.7343    24.8506 1.2210e-01      1.121    1474.95     51.177     5.0478 109.354329    6.91038     29.089     1.4705  32.294175  0.000e+00
     28.829     6.9855    31.7478    24.8597 1.2210e-01      1.136    1475.01     51.190     5.0473 109.354330    6.90789     29.105     1.4705  32.316447  0.000e+00
     28.860     6.9882    31.7822    24.8864 1.9536e-01      1.143    1475.06     51.140     5.0409 109.354330    6.90591     29.136     1.4705  32.350376  0.000e+00
     28.876     7.0062    31.8288    24.9208 5.3724e-01      1.179    1475.19     51.079     5.0313 109.354331    6.90091     29.153     1.4705  32.408526  0.000e+00
     28.900     7.0364    31.8353    24.9219 6.3492e-01      1.297    1475.32     51.086     5.0282 109.354331    6.89575     29.177     1.4399  32.440156  0.000e+00
     28.933     7.0502    31.8156    24.9045 5.8608e-01      1.304    1475.35     51.028     5.0216 109.354332    6.89441     29.210     1.4705  32.433755  0.000e+00
     28.961     7.0507    31.7844    24.8799 4.5177e-01      1.253    1475.31     51.037     5.0235 109.354332    6.89573     29.238     1.4399  32.405413  0.000e+00
     28.985     7.0421    31.7599    24.8618 3.2967e-01      1.201    1475.25     51.059     5.0274 109.354333    6.89821     29.263     1.4705  32.375646  0.000e+00
     29.016     7.0275    31.7491    24.8552 2.5641e-01      1.172    1475.18     51.006     5.0242 109.354333    6.90105     29.294     1.4399  32.353299  0.000e+00
     29.021     7.0069    31.7578    24.8647 2.0757e-01      1.158    1475.11     50.942     5.0200 109.354334    6.90399     29.299     1.4399  32.343802  0.000e+00
     29.069     6.9957    31.7594    24.8675 1.8315e-01      1.165    1475.07     50.956     5.0226 109.354334    6.90572     29.348     1.4705  32.335858  0.000e+00
     29.076     6.9917    31.7416    24.8540 1.5873e-01      1.143    1475.03     50.894     5.0176 109.354334    6.90716     29.354     1.4705  32.316089  0.000e+00
     29.116     6.9839    31.7173    24.8359 1.4652e-01      1.128    1474.97     50.910     5.0209 109.354335    6.90952     29.395     1.4705  32.287130  0.000e+00
     29.129     6.9644    31.7043    24.8282 1.4652e-01      1.165    1474.88     50.928     5.0253 109.354335    6.91325     29.408     1.4705  32.258719  0.000e+00
     29.160     6.9569    31.7219    24.8431 1.4652e-01      1.172    1474.87     50.869     5.0198 109.354336    6.91367     29.439     1.4705  32.268568  0.000e+00
     29.176     6.9671    31.7294    24.8477 1.7094e-01      1.165    1474.92     50.811     5.0126 109.354336    6.91168     29.456     1.4705  32.284147  0.000e+00
     29.201     6.9864    31.7160    24.8346 1.5873e-01      1.158    1474.98     50.742     5.0041 109.354337    6.90916     29.480     1.4705  32.288204  0.000e+00
     29.231     6.9939    31.7146    24.8325 1.4652e-01      1.158    1475.01     50.752     5.0042 109.354337    6.90801     29.511     1.4705  32.293279  0.000e+00
     29.261     6.9816    31.7223    24.8401 1.3431e-01      1.150    1474.97     50.687     4.9989 109.354338    6.90965     29.541     1.4705  32.289937  0.000e+00
     29.272     6.9614    31.7203    24.8412 1.2210e-01      1.136    1474.89     50.699     5.0025 109.354338    6.91302     29.552     1.4705  32.270955  0.000e+00
     29.316     6.9346    31.7191    24.8438 1.0989e-01      1.136    1474.78     50.701     5.0059 109.354339    6.91741     29.597     1.4705  32.247145  0.000e+00
     29.321     6.9228    31.7288    24.8530 1.0989e-01      1.121    1474.75     50.714     5.0082 109.354339    6.91888     29.602     1.4705  32.246132  0.000e+00
     29.356     6.9285    31.7182    24.8439 1.0989e-01      1.106    1474.76     50.662     5.0027 109.354340    6.91843     29.638     1.4705  32.241239  0.000e+00
     29.376     6.9330    31.6576    24.7956 9.7680e-02      1.099    1474.70     50.599     4.9980 109.354340    6.92043     29.657     1.4705  32.189342  0.000e+00
     29.392     6.9054    31.5900    24.7460 9.7680e-02      1.084    1474.51     50.538     4.9974 109.354341    6.92795     29.674     1.4705  32.104055  0.000e+00
     29.428     6.8624    31.5508    24.7207 1.0989e-01      1.084    1474.29     50.543     5.0042 109.354341    6.93669     29.710     1.4705  32.031889  0.000e+00
     29.436     6.8373    31.5295    24.7071 1.0989e-01      1.099    1474.17     50.560     5.0095 109.354342    6.94175     29.718     1.4705  31.991189  0.000e+00
     29.476     6.8174    31.5130    24.6967 9.7680e-02      1.106    1474.07     50.578     5.0141 109.354342    6.94572     29.759     1.4705  31.959428  0.000e+00
     29.488     6.8040    31.5109    24.6968 9.7680e-02      1.121    1474.01     50.519     5.0098 109.354343    6.94801     29.770     1.4399  31.946169  0.000e+00
     29.520     6.8009    31.5348    24.7160 9.7680e-02      1.106    1474.03     50.460     5.0036 109.354343    6.94743     29.803     1.4399  31.965556  0.000e+00
     29.536     6.8065    31.5784    24.7496 9.7680e-02      1.084    1474.11     50.467     5.0022 109.354344    6.94455     29.819     1.4705  32.010173  0.000e+00
     29.561     6.8125    31.6532    24.8078 9.7680e-02      1.077    1474.23     50.474     4.9997 109.354344    6.94020     29.844     1.4705  32.083694  0.000e+00
     29.583     6.8410    31.7268    24.8620 9.7680e-02      1.077    1474.43     50.415     4.9882 109.354345    6.93225     29.867     1.4705  32.175102  0.000e+00
     29.605     6.8825    31.7768    24.8960 9.7680e-02      1.077    1474.66     50.422     4.9824 109.354345    6.92326     29.888     1.4705  32.256043  0.000e+00
     29.632     6.8981    31.8141    24.9233 9.7680e-02      1.077    1474.76     50.363     4.9736 109.354346    6.91904     29.916     1.4705  32.303560  0.000e+00
     29.656     6.9239    31.8153    24.9209 9.7680e-02      1.084    1474.87     50.381     4.9724 109.354346    6.91481     29.941     1.4705  32.326550  0.000e+00
     29.676     6.9639    31.7853    24.8920 9.7680e-02      1.099    1474.99     50.322     4.9630 109.354347    6.90970     29.960     1.4399  32.332877  0.000e+00
     29.692     6.9899    31.7562    24.8657 9.7680e-02      1.099    1475.05     50.329     4.9616 109.354347    6.90679     29.977     1.4705  32.328275  0.000e+00
     29.716     7.0016    31.7268    24.8411 9.7680e-02      1.099    1475.06     50.348     4.9631 109.354348    6.90622     30.001     1.4399  32.311193  0.000e+00
     29.739     6.9811    31.6877    24.8130 9.7680e-02      1.114    1474.93     50.290     4.9609 109.354348    6.91128     30.024     1.4705  32.257943  0.000e+00
     29.760     6.9319    31.6360    24.7787 9.7680e-02      1.121    1474.68     50.309     4.9702 109.354348    6.92158     30.045     1.4705  32.168773  0.000e+00
     29.788     6.8914    31.5970    24.7533 9.7680e-02      1.106    1474.47     50.251     4.9704 109.354349    6.92991     30.073     1.4399  32.098815  0.000e+00
     29.799     6.8726    31.5677    24.7327 9.7680e-02      1.092    1474.36     50.269     4.9753 109.354349    6.93427     30.085     1.4705  32.056177  0.000e+00
     29.832     6.8545    31.5631    24.7314 9.7680e-02      1.092    1474.28     50.286     4.9792 109.354350    6.93743     30.117     1.4705  32.036712  0.000e+00
     29.848     6.8421    31.5638    24.7335 9.7680e-02      1.099    1474.24     50.226     4.9747 109.354350    6.93942     30.134     1.4705  32.026833  0.000e+00
     29.859     6.8313    31.5595    24.7315 9.7680e-02      1.106    1474.19     50.242     4.9777 109.354351    6.94137     30.145     1.4705  32.013801  0.000e+00
     29.884     6.8217    31.5590    24.7324 9.7680e-02      1.121    1474.15     50.181     4.9727 109.354351    6.94295     30.170     1.4705  32.005352  0.000e+00
     29.927     6.8160    31.5656    24.7383 9.7680e-02      1.128    1474.14     50.196     4.9746 109.354352    6.94358     30.214     1.4705  32.006603  0.000e+00
     29.919     6.8103    31.5961    24.7631 9.7680e-02      1.128    1474.15     50.209     4.9756 109.354352    6.94313     30.206     1.4399  32.029753  0.000e+00
     29.955     6.8065    31.6453    24.8023 9.7680e-02      1.121    1474.20     50.157     4.9692 109.354353    6.94153     30.242     1.4399  32.071606  0.000e+00
     29.968     6.8092    31.6805    24.8297 1.0989e-01      1.114    1474.25     50.180     4.9701 109.354353    6.93951     30.255     1.4705  32.106033  0.000e+00
     30.000     6.8231    31.6927    24.8375 9.7680e-02      1.106    1474.33     50.202     4.9703 109.354354    6.93669     30.288     1.4399  32.128970  0.000e+00
     30.015     6.8437    31.7009    24.8413 9.7680e-02      1.106    1474.42     50.146     4.9621 109.354354    6.93297     30.303     1.4399  32.153880  0.000e+00
     30.039     6.8769    31.6980    24.8347 1.0989e-01      1.106    1474.54     50.165     4.9602 109.354355    6.92770     30.327     1.4705  32.179392  0.000e+00
     30.064     6.9009    31.6949    24.8291 1.0989e-01      1.121    1474.63     50.106     4.9518 109.354355    6.92395     30.352     1.4705  32.196802  0.000e+00
     30.083     6.9109    31.6844    24.8195 1.0989e-01      1.121    1474.66     50.047     4.9451 109.354356    6.92281     30.371     1.4705  32.195549  0.000e+00
     30.088     6.9180    31.6823    24.8170 1.0989e-01      1.143    1474.69     50.064     4.9461 109.354356    6.92174     30.376     1.4705  32.199723  0.000e+00
     30.124     6.9210    31.7080    24.8368 1.0989e-01      1.158    1474.73     50.080     4.9465 109.354357    6.92010     30.412     1.4705  32.225849  0.000e+00
     30.148     6.9304    31.7632    24.8791 1.0989e-01      1.165    1474.84     50.095     4.9451 109.354357    6.91610     30.437     1.4705  32.284512  0.000e+00
     30.167     6.9673    31.8368    24.9321 1.0989e-01      1.150    1475.07     50.042     4.9332 109.354358    6.90684     30.457     1.4705  32.383308  0.000e+00
     30.184     7.0149    31.8716    24.9533 9.7680e-02      1.136    1475.30     50.052     4.9278 109.354358    6.89760     30.473     1.4705  32.455714  0.000e+00
     30.219     7.0356    31.8698    24.9491 9.7680e-02      1.128    1475.38     50.074     4.9275 109.354359    6.89434     30.509     1.4705  32.471745  0.000e+00
     30.231     7.0412    31.8541    24.9360 1.0989e-01      1.136    1475.38     50.105     4.9305 109.354359    6.89413     30.520     1.4705  32.462112  0.000e+00
     30.244     7.0432    31.8282    24.9154 9.7680e-02      1.136    1475.36     50.058     4.9265 109.354360    6.89498     30.534     1.4705  32.439920  0.000e+00
     30.276     7.0302    31.8159    24.9074 9.7680e-02      1.150    1475.29     49.998     4.9225 109.354360    6.89763     30.566     1.4399  32.417556  0.000e+00
     30.304     7.0185    31.8169    24.9097 9.7680e-02      1.165    1475.25     50.003     4.9242 109.354361    6.89946     30.594     1.4399  32.408589  0.000e+00
     30.315     7.0214    31.8269    24.9172 9.7680e-02      1.172    1475.27     49.939     4.9173 109.354361    6.89855     30.606     1.4705  32.420248  0.000e+00
     30.339     7.0367    31.8400    24.9255 9.7680e-02      1.158    1475.35     50.015     4.9226 109.354361    6.89550     30.630     1.4705  32.445304  0.000e+00
     30.359     7.0500    31.8490    24.9308 9.7680e-02      1.165    1475.41     49.958     4.9152 109.354362    6.89295     30.650     1.4705  32.464923  0.000e+00
     30.386     7.0563    31.8554    24.9350 9.7680e-02      1.179    1475.45     49.899     4.9085 109.354362    6.89166     30.678     1.4705  32.476111  0.000e+00
     30.399     7.0554    31.8608    24.9394 9.7680e-02      1.187    1475.45     49.916     4.9101 109.354363    6.89155     30.691     1.4705  32.480419  0.000e+00
     30.435     7.0529    31.8714    24.9481 9.7680e-02      1.179    1475.45     49.931     4.9115 109.354363    6.89148     30.727     1.4705  32.488019  0.000e+00
     30.446     7.0510    31.8784    24.9538 9.7680e-02      1.179    1475.46     49.867     4.9052 109.354364    6.89148     30.738     1.4399  32.492807  0.000e+00
     30.479     7.0471    31.8820    24.9572 1.0989e-01      1.194    1475.45     49.866     4.9054 109.354364    6.89194     30.771     1.4399  32.492927  0.000e+00
     30.507     7.0542    31.8775    24.9527 1.0989e-01      1.194    1475.47     49.874     4.9055 109.354365    6.89101     30.799     1.4399  32.494722  0.000e+00
     30.519     7.0599    31.8750    24.9500 1.3431e-01      1.172    1475.49     49.890     4.9066 109.354365    6.89019     30.812     1.4399  32.497355  0.000e+00
     30.542     7.0668    31.8755    24.9495 1.3431e-01      1.150    1475.52     49.839     4.9007 109.354366    6.88906     30.835     1.4399  32.503698  0.000e+00
