ctd/data/2024/seabird/GF1.cnv
* Sea-Bird SBE 9 Data File:
* FileName = C:\CTD Brukere\UiO Kurs\Geo kurs 2024\GF1.hex
* Software Version Seasave V 7.26.7.121
* Temperature SN = 5352
* Conductivity SN = 3840
* Number of Bytes Per Scan = 38
* Number of Voltage Words = 5
* Number of Scans Averaged by the Deck Unit = 1
* NMEA Latitude = 59 52.43 N
* NMEA Longitude = 010 40.50 E
* NMEA UTC (Time) = Apr 18 2024 08:28:59
* NMEA baud rate = 4800
** Ship: R/V Trygve Braarud
** Cruise:
** Station:
** Operator:
# nquan = 15
# nvalues = 3728                                  
# units = specified
# name 0 = depSM: Depth [salt water, m]
# name 1 = t090C: Temperature [ITS-90, deg C]
# name 2 = sal00: Salinity, Practical [PSU]
# name 3 = sigma-t00: Density [sigma-t, kg/m^3 ]
# name 4 = flSP: Fluorescence, Seapoint
# name 5 = seaTurbMtr: Turbidity, Seapoint [FTU]
# name 6 = svCM: Sound Velocity [Chen-Millero, m/s]
# name 7 = sbeox0PS: Oxygen, SBE 43 [% saturation]
# name 8 = sbeox0Mg/L: Oxygen, SBE 43 [mg/l]
# name 9 = timeJ: Julian Days
# name 10 = oxsatML/L: Oxygen Saturation, Weiss [ml/l]
# name 11 = prDM: Pressure, Digiquartz [db]
# name 12 = wetStar: Fluorescence, WET Labs WETstar [mg/m^3]
# name 13 = c0mS/cm: Conductivity [mS/cm]
# name 14 = flag:  0.000e+00
# span 0 =      0.227,     53.693                 
# span 1 =     4.2121,     8.0182                 
# span 2 =    21.1236,    32.7448                 
# span 3 =    16.5246,    25.5046                 
# span 4 = 8.5470e-02, 2.4176e+00                 
# span 5 =      0.930,     30.000                 
# span 6 =    1456.47,    1480.63                 
# span 7 =     43.822,     88.063                 
# span 8 =     4.1946,     9.3382                 
# span 9 = 109.353576, 109.355374                 
# span 10 =    6.70149,    7.65627                
# span 11 =      0.229,     54.211                
# span 12 =     1.2263,     3.4546                
# span 13 =  22.234157,  34.143015                
# span 14 = 0.0000e+00, 0.0000e+00                
# interval = seconds: 0.0416667
# start_time = Apr 18 2024 08:29:09 [System UTC, first data scan.]
# bad_flag = -9.990e-29
*END*
[from data line 3470]
     50.649     7.9958    32.7357    25.4965 8.5470e-02      1.509    1480.49     44.192     4.2304 109.355250    6.70524     51.137     1.2568  34.115384  0.000e+00
     50.685     7.9959    32.7358    25.4966 8.5470e-02      1.553    1480.49     44.201     4.2312 109.355250    6.70523     51.173     1.2568  34.115567  0.000e+00
     50.720     7.9956    32.7366    25.4973 8.5470e-02      1.575    1480.49     44.133     4.2247 109.355251    6.70524     51.209     1.2568  34.116116  0.000e+00
     50.720     7.9955    32.7364    25.4971 8.5470e-02      1.590    1480.49     44.206     4.2318 109.355251    6.70526     51.209     1.2568  34.115811  0.000e+00
     50.733     7.9956    32.7371    25.4977 8.5470e-02      1.582    1480.49     44.214     4.2325 109.355252    6.70521     51.222     1.2568  34.116603  0.000e+00
     50.758     7.9961    32.7380    25.4982 8.5470e-02      1.546    1480.50     44.221     4.2331 109.355252    6.70509     51.247     1.2568  34.117884  0.000e+00
     50.805     7.9969    32.7368    25.4972 8.5470e-02      1.524    1480.50     44.228     4.2337 109.355253    6.70503     51.294     1.2568  34.117457  0.000e+00
     50.854     7.9958    32.7351    25.4960 8.5470e-02      1.612    1480.49     44.234     4.2345 109.355253    6.70527     51.344     1.2263  34.114896  0.000e+00
     50.816     7.9941    32.7343    25.4957 8.5470e-02      1.663    1480.49     44.240     4.2352 109.355254    6.70556     51.306     1.2568  34.112701  0.000e+00
     50.829     7.9926    32.7345    25.4960 8.5470e-02      1.656    1480.48     44.245     4.2359 109.355254    6.70578     51.319     1.2263  34.111543  0.000e+00
     50.854     7.9919    32.7344    25.4961 8.5470e-02      1.641    1480.48     44.251     4.2365 109.355255    6.70590     51.344     1.2568  34.110873  0.000e+00
     50.889     7.9912    32.7349    25.4965 1.0989e-01      1.641    1480.48     44.255     4.2370 109.355255    6.70598     51.380     1.2568  34.110751  0.000e+00
     50.938     7.9915    32.7346    25.4963 1.3431e-01      1.604    1480.48     44.259     4.2373 109.355256    6.70595     51.429     1.2568  34.110751  0.000e+00
     50.974     7.9914    32.7352    25.4967 1.2210e-01      1.568    1480.48     44.263     4.2377 109.355256    6.70594     51.465     1.2568  34.111178  0.000e+00
     50.925     7.9921    32.7352    25.4966 1.0989e-01      1.560    1480.48     44.266     4.2379 109.355257    6.70583     51.416     1.2568  34.111787  0.000e+00
     51.010     7.9925    32.7351    25.4965 9.7680e-02      1.546    1480.48     44.269     4.2381 109.355257    6.70577     51.501     1.2568  34.112154  0.000e+00
     51.021     7.9930    32.7354    25.4966 9.7680e-02      1.524    1480.49     44.271     4.2383 109.355258    6.70569     51.513     1.2568  34.112763  0.000e+00
     51.070     7.9932    32.7355    25.4967 9.7680e-02      1.516    1480.49     44.273     4.2385 109.355258    6.70565     51.562     1.2568  34.113129  0.000e+00
     51.070     7.9935    32.7356    25.4967 8.5470e-02      1.524    1480.49     44.275     4.2386 109.355258    6.70560     51.562     1.2568  34.113434  0.000e+00
     51.094     7.9939    32.7355    25.4966 8.5470e-02      1.553    1480.49     44.276     4.2386 109.355259    6.70554     51.587     1.2568  34.113739  0.000e+00
     51.106     7.9936    32.7361    25.4971 8.5470e-02      1.568    1480.49     44.352     4.2460 109.355259    6.70556     51.598     1.2568  34.114044  0.000e+00
     51.130     7.9942    32.7368    25.4976 8.5470e-02      1.560    1480.49     44.363     4.2469 109.355260    6.70544     51.623     1.2568  34.115263  0.000e+00
     51.130     7.9949    32.7393    25.4995 8.5470e-02      1.560    1480.50     44.296     4.2403 109.355260    6.70522     51.623     1.2568  34.118251  0.000e+00
     51.166     7.9966    32.7384    25.4985 9.7680e-02      1.575    1480.51     44.294     4.2400 109.355261    6.70500     51.659     1.2568  34.118861  0.000e+00
     51.179     7.9969    32.7366    25.4970 8.5470e-02      1.582    1480.51     44.292     4.2399 109.355261    6.70504     51.672     1.2568  34.117397  0.000e+00
     51.190     7.9961    32.7361    25.4968 8.5470e-02      1.575    1480.50     44.289     4.2397 109.355262    6.70518     51.683     1.2873  34.116239  0.000e+00
     51.202     7.9961    32.7358    25.4965 8.5470e-02      1.568    1480.50     44.286     4.2394 109.355262    6.70519     51.695     1.2568  34.115995  0.000e+00
     51.226     7.9959    32.7364    25.4971 8.5470e-02      1.553    1480.50     44.283     4.2391 109.355263    6.70520     51.719     1.2568  34.116422  0.000e+00
     51.239     7.9961    32.7364    25.4970 9.7680e-02      1.538    1480.50     44.355     4.2460 109.355263    6.70516     51.733     1.2568  34.116605  0.000e+00
     51.250     7.9961    32.7364    25.4970 9.7680e-02      1.531    1480.50     44.285     4.2393 109.355264    6.70517     51.744     1.2568  34.116605  0.000e+00
     51.250     7.9958    32.7359    25.4967 9.7680e-02      1.524    1480.50     44.356     4.2461 109.355264    6.70523     51.744     1.2568  34.115873  0.000e+00
     51.275     7.9957    32.7358    25.4966 8.5470e-02      1.531    1480.50     44.360     4.2465 109.355265    6.70525     51.769     1.2568  34.115691  0.000e+00
     51.286     7.9959    32.7361    25.4968 8.5470e-02      1.538    1480.50     44.364     4.2469 109.355265    6.70521     51.780     1.2568  34.116117  0.000e+00
     51.310     7.9961    32.7362    25.4969 8.5470e-02      1.538    1480.50     44.367     4.2471 109.355266    6.70517     51.805     1.2568  34.116483  0.000e+00
     51.310     7.9961    32.7361    25.4968 8.5470e-02      1.524    1480.50     44.368     4.2473 109.355266    6.70518     51.805     1.2568  34.116361  0.000e+00
     51.346     7.9961    32.7358    25.4965 8.5470e-02      1.509    1480.50     44.369     4.2474 109.355267    6.70519     51.841     1.2568  34.116057  0.000e+00
     51.359     7.9961    32.7365    25.4971 8.5470e-02      1.516    1480.51     44.381     4.2484 109.355267    6.70516     51.854     1.2568  34.116727  0.000e+00
     51.382     7.9963    32.7368    25.4973 8.5470e-02      1.524    1480.51     44.380     4.2484 109.355268    6.70512     51.877     1.2568  34.117154  0.000e+00
     51.406     7.9969    32.7370    25.4974 8.5470e-02      1.524    1480.51     44.379     4.2482 109.355268    6.70502     51.902     1.2568  34.117947  0.000e+00
     51.419     7.9976    32.7376    25.4978 9.7680e-02      1.531    1480.51     44.388     4.2490 109.355269    6.70489     51.915     1.2568  34.119105  0.000e+00
     51.442     7.9975    32.7387    25.4986 9.7680e-02      1.531    1480.51     44.385     4.2487 109.355269    6.70485     51.938     1.2568  34.120081  0.000e+00
     51.442     7.9980    32.7390    25.4988 8.5470e-02      1.531    1480.52     44.382     4.2483 109.355270    6.70477     51.938     1.2263  34.120752  0.000e+00
     51.479     7.9990    32.7385    25.4982 9.7680e-02      1.538    1480.52     44.377     4.2478 109.355270    6.70463     51.975     1.2263  34.121179  0.000e+00
     51.491     7.9994    32.7384    25.4981 9.7680e-02      1.553    1480.52     44.372     4.2473 109.355271    6.70457     51.987     1.2568  34.121484  0.000e+00
     51.491     7.9996    32.7383    25.4980 9.7680e-02      1.560    1480.52     44.366     4.2466 109.355271    6.70454     51.987     1.2873  34.121606  0.000e+00
     51.527     8.0001    32.7383    25.4980 9.7680e-02      1.546    1480.53     44.370     4.2470 109.355272    6.70447     52.023     1.2568  34.122033  0.000e+00
     51.540     8.0003    32.7388    25.4983 8.5470e-02      1.516    1480.53     44.363     4.2463 109.355272    6.70442     52.036     1.2568  34.122642  0.000e+00
     51.551     8.0007    32.7386    25.4980 9.7680e-02      1.495    1480.53     44.365     4.2465 109.355272    6.70436     52.048     1.2873  34.122825  0.000e+00
     51.562     8.0011    32.7382    25.4977 8.5470e-02      1.487    1480.53     44.356     4.2456 109.355273    6.70432     52.059     1.2568  34.122825  0.000e+00
     51.562     8.0014    32.7382    25.4977 8.5470e-02      1.516    1480.53     44.358     4.2457 109.355273    6.70428     52.059     1.2568  34.123069  0.000e+00
     51.587     8.0016    32.7376    25.4971 8.5470e-02      1.560    1480.53     44.359     4.2458 109.355274    6.70427     52.084     1.2263  34.122642  0.000e+00
     51.587     8.0014    32.7378    25.4974 8.5470e-02      1.568    1480.53     44.348     4.2448 109.355274    6.70429     52.084     1.2263  34.122703  0.000e+00
     51.600     8.0012    32.7383    25.4977 9.7680e-02      1.546    1480.53     44.348     4.2448 109.355275    6.70430     52.097     1.2568  34.123008  0.000e+00
     51.611     8.0017    32.7386    25.4980 9.7680e-02      1.516    1480.53     44.347     4.2446 109.355275    6.70420     52.108     1.2263  34.123801  0.000e+00
     51.635     8.0023    32.7388    25.4980 9.7680e-02      1.487    1480.54     44.346     4.2444 109.355276    6.70411     52.133     1.2568  34.124472  0.000e+00
     51.635     8.0028    32.7388    25.4979 9.7680e-02      1.487    1480.54     44.344     4.2442 109.355276    6.70403     52.133     1.2263  34.124899  0.000e+00
     51.660     8.0035    32.7385    25.4976 8.5470e-02      1.480    1480.54     44.342     4.2440 109.355277    6.70394     52.158     1.2568  34.125204  0.000e+00
     51.660     8.0035    32.7373    25.4967 8.5470e-02      1.487    1480.54     44.339     4.2437 109.355277    6.70399     52.158     1.2568  34.124106  0.000e+00
     51.683     8.0025    32.7373    25.4968 8.5470e-02      1.524    1480.54     44.336     4.2436 109.355278    6.70415     52.181     1.2568  34.123252  0.000e+00
     51.683     8.0019    32.7357    25.4957 8.5470e-02      1.560    1480.53     44.333     4.2433 109.355278    6.70431     52.181     1.2263  34.121240  0.000e+00
     51.696     7.9998    32.7350    25.4954 9.7680e-02      1.546    1480.52     44.329     4.2432 109.355279    6.70466     52.194     1.2263  34.118740  0.000e+00
     51.720     7.9976    32.7360    25.4965 8.5470e-02      1.516    1480.52     44.325     4.2430 109.355279    6.70496     52.218     1.2263  34.117704  0.000e+00
     51.731     7.9969    32.7365    25.4970 9.7680e-02      1.495    1480.51     44.320     4.2426 109.355280    6.70504     52.230     1.2568  34.117582  0.000e+00
     51.743     7.9965    32.7370    25.4974 8.5470e-02      1.495    1480.51     44.315     4.2421 109.355280    6.70507     52.241     1.2568  34.117765  0.000e+00
     51.756     7.9955    32.7381    25.4985 8.5470e-02      1.502    1480.51     44.309     4.2416 109.355281    6.70519     52.254     1.2568  34.117887  0.000e+00
     51.780     7.9953    32.7390    25.4992 9.7680e-02      1.502    1480.51     44.303     4.2411 109.355281    6.70518     52.279     1.2568  34.118558  0.000e+00
     51.791     7.9964    32.7399    25.4997 9.7680e-02      1.495    1480.52     44.297     4.2403 109.355282    6.70496     52.291     1.2568  34.120387  0.000e+00
     51.816     7.9983    32.7395    25.4991 9.7680e-02      1.509    1480.53     44.290     4.2394 109.355282    6.70469     52.315     1.2568  34.121668  0.000e+00
     51.840     7.9993    32.7395    25.4990 8.5470e-02      1.531    1480.53     44.282     4.2386 109.355283    6.70454     52.340     1.2263  34.122582  0.000e+00
     51.852     8.0007    32.7391    25.4985 8.5470e-02      1.531    1480.53     44.285     4.2388 109.355283    6.70434     52.351     1.2263  34.123497  0.000e+00
     51.863     8.0017    32.7392    25.4984 9.7680e-02      1.531    1480.54     44.288     4.2390 109.355284    6.70418     52.363     1.2568  34.124412  0.000e+00
     51.876     8.0025    32.7392    25.4983 8.5470e-02      1.531    1480.54     44.280     4.2382 109.355284    6.70407     52.376     1.2263  34.125082  0.000e+00
     51.900     8.0031    32.7393    25.4983 9.7680e-02      1.560    1480.54     44.272     4.2373 109.355285    6.70396     52.400     1.2263  34.125753  0.000e+00
     51.923     8.0033    32.7387    25.4978 9.7680e-02      1.568    1480.54     44.263     4.2365 109.355285    6.70396     52.423     1.2263  34.125387  0.000e+00
     51.923     8.0033    32.7384    25.4976 8.5470e-02      1.568    1480.54     44.254     4.2356 109.355285    6.70398     52.423     1.2568  34.125082  0.000e+00
     51.936     8.0032    32.7379    25.4971 9.7680e-02      1.553    1480.54     44.244     4.2347 109.355286    6.70402     52.437     1.2568  34.124473  0.000e+00
     51.960     8.0025    32.7384    25.4976 8.5470e-02      1.531    1480.54     44.234     4.2338 109.355286    6.70410     52.461     1.2568  34.124351  0.000e+00
     51.960     8.0022    32.7388    25.4980 9.7680e-02      1.538    1480.54     44.311     4.2411 109.355287    6.70413     52.461     1.2568  34.124534  0.000e+00
     51.985     8.0020    32.7393    25.4984 9.7680e-02      1.546    1480.54     44.235     4.2338 109.355287    6.70413     52.486     1.2568  34.124839  0.000e+00
     51.996     8.0027    32.7390    25.4981 9.7680e-02      1.553    1480.54     44.234     4.2337 109.355288    6.70404     52.497     1.2568  34.125144  0.000e+00
     52.008     8.0035    32.7386    25.4977 9.7680e-02      1.553    1480.55     44.234     4.2336 109.355288    6.70394     52.509     1.2568  34.125449  0.000e+00
     52.021     8.0038    32.7387    25.4977 9.7680e-02      1.568    1480.55     44.233     4.2335 109.355289    6.70389     52.522     1.2568  34.125815  0.000e+00
     52.032     8.0043    32.7393    25.4981 9.7680e-02      1.612    1480.55     44.233     4.2334 109.355289    6.70378     52.533     1.2568  34.126851  0.000e+00
     52.056     8.0049    32.7397    25.4983 9.7680e-02      1.619    1480.55     44.232     4.2333 109.355290    6.70367     52.558     1.2568  34.127827  0.000e+00
     52.056     8.0052    32.7399    25.4984 9.7680e-02      1.604    1480.56     44.232     4.2333 109.355290    6.70361     52.558     1.2263  34.128254  0.000e+00
     52.081     8.0054    32.7396    25.4982 9.7680e-02      1.590    1480.56     44.232     4.2332 109.355291    6.70360     52.583     1.2568  34.128132  0.000e+00
     52.092     8.0054    32.7393    25.4979 1.2210e-01      1.568    1480.56     44.231     4.2332 109.355291    6.70362     52.594     1.2568  34.127827  0.000e+00
     52.105     8.0049    32.7394    25.4981 1.2210e-01      1.553    1480.55     44.231     4.2332 109.355292    6.70368     52.607     1.2568  34.127522  0.000e+00
     52.128     8.0049    32.7389    25.4977 1.0989e-01      1.560    1480.55     44.231     4.2332 109.355292    6.70370     52.630     1.2568  34.127034  0.000e+00
     52.141     8.0047    32.7383    25.4973 1.0989e-01      1.568    1480.55     44.230     4.2332 109.355293    6.70376     52.643     1.2568  34.126364  0.000e+00
     52.152     8.0044    32.7379    25.4970 9.7680e-02      1.575    1480.55     44.230     4.2332 109.355293    6.70382     52.655     1.2568  34.125693  0.000e+00
     52.188     8.0038    32.7391    25.4980 9.7680e-02      1.560    1480.55     44.230     4.2332 109.355294    6.70387     52.691     1.2568  34.126303  0.000e+00
     52.188     8.0040    32.7397    25.4984 9.7680e-02      1.553    1480.55     44.229     4.2331 109.355294    6.70382     52.691     1.2568  34.126974  0.000e+00
     52.212     8.0046    32.7402    25.4988 9.7680e-02      1.538    1480.56     44.229     4.2330 109.355295    6.70370     52.716     1.2568  34.128071  0.000e+00
     52.225     8.0052    32.7402    25.4986 8.5470e-02      1.538    1480.56     44.229     4.2329 109.355295    6.70360     52.729     1.2568  34.128559  0.000e+00
     52.248     8.0056    32.7398    25.4983 9.7680e-02      1.538    1480.56     44.228     4.2329 109.355296    6.70357     52.752     1.2568  34.128498  0.000e+00
