ctd/data/2024/seabird/GF1.cnv
* Sea-Bird SBE 9 Data File:
* FileName = C:\CTD Brukere\UiO Kurs\Geo kurs 2024\GF1.hex
* Software Version Seasave V 7.26.7.121
* Temperature SN = 5352
* Conductivity SN = 3840
* Number of Bytes Per Scan = 38
* Number of Voltage Words = 5
* Number of Scans Averaged by the Deck Unit = 1
* NMEA Latitude = 59 52.43 N
* NMEA Longitude = 010 40.50 E
* NMEA UTC (Time) = Apr 18 2024 08:28:59
* NMEA baud rate = 4800
** Ship: R/V Trygve Braarud
** Cruise:
** Station:
** Operator:
# nquan = 15
# nvalues = 3728                                  
# units = specified
# name 0 = depSM: Depth [salt water, m]
# name 1 = t090C: Temperature [ITS-90, deg C]
# name 2 = sal00: Salinity, Practical [PSU]
# name 3 = sigma-t00: Density [sigma-t, kg/m^3 ]
# name 4 = flSP: Fluorescence, Seapoint
# name 5 = seaTurbMtr: Turbidity, Seapoint [FTU]
# name 6 = svCM: Sound Velocity [Chen-Millero, m/s]
# name 7 = sbeox0PS: Oxygen, SBE 43 [% saturation]
# name 8 = sbeox0Mg/L: Oxygen, SBE 43 [mg/l]
# name 9 = timeJ: Julian Days
# name 10 = oxsatML/L: Oxygen Saturation, Weiss [ml/l]
# name 11 = prDM: Pressure, Digiquartz [db]
# name 12 = wetStar: Fluorescence, WET Labs WETstar [mg/m^3]
# name 13 = c0mS/cm: Conductivity [mS/cm]
# name 14 = flag:  0.000e+00
# span 0 =      0.227,     53.693                 
# span 1 =     4.2121,     8.0182                 
# span 2 =    21.1236,    32.7448                 
# span 3 =    16.5246,    25.5046                 
# span 4 = 8.5470e-02, 2.4176e+00                 
# span 5 =      0.930,     30.000                 
# span 6 =    1456.47,    1480.63                 
# span 7 =     43.822,     88.063                 
# span 8 =     4.1946,     9.3382                 
# span 9 = 109.353576, 109.355374                 
# span 10 =    6.70149,    7.65627                
# span 11 =      0.229,     54.211                
# span 12 =     1.2263,     3.4546                
# span 13 =  22.234157,  34.143015                
# span 14 = 0.0000e+00, 0.0000e+00                
# interval = seconds: 0.0416667
# start_time = Apr 18 2024 08:29:09 [System UTC, first data scan.]
# bad_flag = -9.990e-29
*END*
[from data line 2699]
     50.638     7.9486    32.7355    25.5032 1.3431e-01      1.487    1480.31     45.473     4.3577 109.354878    6.71250     51.125     1.2568  34.073814  0.000e+00
     50.638     7.9568    32.7341    25.5009 1.2210e-01      1.480    1480.34     45.478     4.3575 109.354878    6.71130     51.125     1.2568  34.079664  0.000e+00
     50.638     7.9602    32.7347    25.5008 1.0989e-01      1.473    1480.35     45.485     4.3578 109.354879    6.71076     51.125     1.2568  34.083138  0.000e+00
     50.638     7.9610    32.7331    25.4995 9.7680e-02      1.465    1480.36     45.494     4.3586 109.354879    6.71071     51.125     1.2568  34.082406  0.000e+00
     50.636     7.9624    32.7288    25.4960 9.7680e-02      1.473    1480.36     45.504     4.3596 109.354880    6.71067     51.124     1.2568  34.079663  0.000e+00
     50.649     7.9641    32.7250    25.4927 9.7680e-02      1.480    1480.36     45.516     4.3606 109.354880    6.71058     51.137     1.2568  34.077530  0.000e+00
     50.638     7.9642    32.7231    25.4912 9.7680e-02      1.487    1480.36     45.452     4.3546 109.354881    6.71064     51.125     1.2568  34.075884  0.000e+00
     50.638     7.9635    32.7220    25.4905 9.7680e-02      1.480    1480.35     45.533     4.3623 109.354881    6.71079     51.125     1.2568  34.074239  0.000e+00
     50.649     7.9626    32.7213    25.4900 9.7680e-02      1.473    1480.35     45.549     4.3640 109.354882    6.71096     51.137     1.2568  34.072776  0.000e+00
     50.638     7.9616    32.7226    25.4912 8.5470e-02      1.473    1480.35     45.566     4.3657 109.354882    6.71106     51.125     1.2568  34.073142  0.000e+00
     50.647     7.9616    32.7250    25.4930 9.7680e-02      1.473    1480.35     45.574     4.3664 109.354883    6.71096     51.135     1.2263  34.075336  0.000e+00
     50.649     7.9624    32.7255    25.4934 9.7680e-02      1.473    1480.35     45.582     4.3671 109.354883    6.71081     51.137     1.2263  34.076555  0.000e+00
     50.638     7.9632    32.7240    25.4920 9.7680e-02      1.480    1480.35     45.591     4.3679 109.354884    6.71075     51.125     1.2568  34.075824  0.000e+00
     50.649     7.9630    32.7224    25.4908 9.7680e-02      1.487    1480.35     45.525     4.3617 109.354884    6.71086     51.137     1.2568  34.074117  0.000e+00
     50.638     7.9623    32.7215    25.4902 8.5470e-02      1.509    1480.35     45.602     4.3692 109.354885    6.71101     51.125     1.2568  34.072593  0.000e+00
     50.636     7.9608    32.7250    25.4932 9.7680e-02      1.531    1480.35     45.539     4.3631 109.354885    6.71108     51.124     1.2568  34.074666  0.000e+00
     50.649     7.9599    32.7320    25.4988 9.7680e-02      1.546    1480.35     45.542     4.3633 109.354886    6.71092     51.137     1.2568  34.080395  0.000e+00
     50.649     7.9618    32.7356    25.5014 9.7680e-02      1.560    1480.36     45.546     4.3634 109.354886    6.71047     51.137     1.2263  34.085515  0.000e+00
     50.638     7.9660    32.7359    25.5009 9.7680e-02      1.575    1480.38     45.551     4.3635 109.354887    6.70982     51.125     1.2568  34.089355  0.000e+00
     50.638     7.9733    32.7323    25.4971 8.5470e-02      1.582    1480.40     45.558     4.3635 109.354887    6.70885     51.125     1.2568  34.092402  0.000e+00
     50.649     7.9776    32.7317    25.4960 9.7680e-02      1.582    1480.42     45.555     4.3628 109.354888    6.70821     51.137     1.2568  34.095693  0.000e+00
     50.647     7.9808    32.7324    25.4961 9.7680e-02      1.582    1480.43     45.553     4.3623 109.354888    6.70769     51.135     1.2568  34.099107  0.000e+00
     50.625     7.9838    32.7321    25.4954 9.7680e-02      1.560    1480.44     45.551     4.3619 109.354889    6.70724     51.112     1.2568  34.101484  0.000e+00
     50.649     7.9862    32.7309    25.4941 9.7680e-02      1.546    1480.45     45.551     4.3617 109.354889    6.70692     51.137     1.2568  34.102520  0.000e+00
     50.638     7.9878    32.7306    25.4937 9.7680e-02      1.531    1480.45     45.552     4.3616 109.354890    6.70669     51.125     1.2568  34.103617  0.000e+00
     50.638     7.9887    32.7304    25.4934 9.7680e-02      1.516    1480.46     45.554     4.3617 109.354890    6.70656     51.125     1.2568  34.104166  0.000e+00
     50.647     7.9891    32.7299    25.4929 9.7680e-02      1.516    1480.46     45.556     4.3619 109.354891    6.70653     51.135     1.2568  34.104044  0.000e+00
     50.625     7.9891    32.7297    25.4928 9.7680e-02      1.524    1480.46     45.560     4.3622 109.354891    6.70652     51.112     1.2568  34.103922  0.000e+00
     50.638     7.9891    32.7289    25.4922 8.5470e-02      1.538    1480.46     45.564     4.3627 109.354891    6.70656     51.125     1.2263  34.103190  0.000e+00
     50.638     7.9888    32.7285    25.4919 8.5470e-02      1.546    1480.46     45.570     4.3632 109.354892    6.70663     51.125     1.2568  34.102520  0.000e+00
     50.625     7.9883    32.7283    25.4918 8.5470e-02      1.546    1480.45     45.576     4.3639 109.354892    6.70671     51.112     1.2263  34.101910  0.000e+00
     50.612     7.9878    32.7284    25.4919 8.5470e-02      1.553    1480.45     45.583     4.3646 109.354893    6.70678     51.099     1.2568  34.101544  0.000e+00
     50.649     7.9874    32.7282    25.4918 8.5470e-02      1.553    1480.45     45.591     4.3654 109.354893    6.70686     51.137     1.2568  34.100935  0.000e+00
     50.638     7.9869    32.7283    25.4920 8.5470e-02      1.553    1480.45     45.589     4.3653 109.354894    6.70693     51.125     1.2568  34.100630  0.000e+00
     50.625     7.9865    32.7318    25.4948 8.5470e-02      1.553    1480.45     45.598     4.3661 109.354894    6.70684     51.112     1.2873  34.103556  0.000e+00
     50.625     7.9887    32.7370    25.4985 8.5470e-02      1.560    1480.47     45.597     4.3656 109.354895    6.70628     51.112     1.2568  34.110324  0.000e+00
     50.625     7.9931    32.7394    25.4998 8.5470e-02      1.560    1480.49     45.596     4.3650 109.354895    6.70550     51.112     1.2568  34.116481  0.000e+00
     50.625     7.9973    32.7391    25.4990 8.5470e-02      1.560    1480.50     45.596     4.3646 109.354896    6.70486     51.112     1.2568  34.119957  0.000e+00
     50.625     7.9995    32.7389    25.4985 8.5470e-02      1.546    1480.51     45.596     4.3644 109.354896    6.70454     51.112     1.2568  34.121603  0.000e+00
     50.613     8.0001    32.7386    25.4982 8.5470e-02      1.524    1480.51     45.597     4.3644 109.354897    6.70446     51.101     1.2568  34.121908  0.000e+00
     50.613     7.9999    32.7383    25.4979 9.7680e-02      1.509    1480.51     45.598     4.3646 109.354897    6.70450     51.101     1.2263  34.121420  0.000e+00
     50.625     8.0006    32.7382    25.4978 8.5470e-02      1.502    1480.51     45.600     4.3647 109.354898    6.70440     51.112     1.2568  34.121968  0.000e+00
     50.612     8.0014    32.7385    25.4979 9.7680e-02      1.495    1480.52     45.602     4.3648 109.354898    6.70427     51.099     1.2568  34.122883  0.000e+00
     50.600     8.0017    32.7384    25.4978 1.0989e-01      1.502    1480.52     45.605     4.3650 109.354899    6.70421     51.088     1.2568  34.123127  0.000e+00
     50.625     8.0023    32.7383    25.4976 1.0989e-01      1.509    1480.52     45.608     4.3653 109.354899    6.70413     51.112     1.2873  34.123554  0.000e+00
     50.600     8.0036    32.7380    25.4972 1.0989e-01      1.524    1480.52     45.611     4.3654 109.354900    6.70394     51.088     1.2568  34.124407  0.000e+00
     50.600     8.0051    32.7381    25.4971 9.7680e-02      1.538    1480.53     45.615     4.3657 109.354900    6.70371     51.088     1.2568  34.125810  0.000e+00
     50.613     8.0064    32.7381    25.4968 9.7680e-02      1.553    1480.53     45.619     4.3660 109.354901    6.70352     51.101     1.2568  34.126907  0.000e+00
     50.600     8.0070    32.7379    25.4966 9.7680e-02      1.568    1480.54     45.624     4.3664 109.354901    6.70342     51.088     1.2568  34.127334  0.000e+00
     50.600     8.0075    32.7383    25.4969 8.5470e-02      1.560    1480.54     45.629     4.3668 109.354902    6.70333     51.088     1.2568  34.128127  0.000e+00
     50.600     8.0080    32.7381    25.4967 9.7680e-02      1.553    1480.54     45.635     4.3673 109.354902    6.70327     51.088     1.2568  34.128371  0.000e+00
     50.600     8.0080    32.7384    25.4969 8.5470e-02      1.553    1480.54     45.641     4.3679 109.354903    6.70326     51.088     1.2568  34.128615  0.000e+00
     50.589     8.0083    32.7384    25.4968 9.7680e-02      1.553    1480.54     45.648     4.3685 109.354903    6.70321     51.076     1.2568  34.128858  0.000e+00
     50.600     8.0083    32.7380    25.4965 8.5470e-02      1.553    1480.54     45.655     4.3692 109.354904    6.70323     51.088     1.2568  34.128493  0.000e+00
     50.600     8.0081    32.7382    25.4967 8.5470e-02      1.546    1480.54     45.662     4.3699 109.354904    6.70324     51.088     1.2568  34.128554  0.000e+00
     50.589     8.0080    32.7372    25.4959 8.5470e-02      1.560    1480.54     45.659     4.3696 109.354905    6.70331     51.076     1.2568  34.127517  0.000e+00
     50.589     8.0070    32.7359    25.4950 8.5470e-02      1.612    1480.53     45.667     4.3705 109.354905    6.70351     51.076     1.2568  34.125444  0.000e+00
     50.589     8.0060    32.7354    25.4948 8.5470e-02      1.656    1480.53     45.676     4.3715 109.354905    6.70369     51.076     1.2568  34.124041  0.000e+00
     50.600     8.0054    32.7352    25.4947 8.5470e-02      1.678    1480.53     45.685     4.3724 109.354906    6.70379     51.088     1.2568  34.123309  0.000e+00
     50.589     8.0051    32.7353    25.4948 8.5470e-02      1.663    1480.53     45.694     4.3733 109.354906    6.70384     51.076     1.2568  34.123126  0.000e+00
     50.589     8.0049    32.7352    25.4948 8.5470e-02      1.634    1480.52     45.704     4.3743 109.354907    6.70386     51.076     1.2568  34.122883  0.000e+00
     50.589     8.0046    32.7336    25.4936 8.5470e-02      1.597    1480.52     45.714     4.3753 109.354907    6.70398     51.076     1.2568  34.121114  0.000e+00
     50.589     8.0035    32.7331    25.4934 9.7680e-02      1.582    1480.52     45.714     4.3754 109.354908    6.70417     51.076     1.2568  34.119712  0.000e+00
     50.551     8.0019    32.7345    25.4947 8.5470e-02      1.604    1480.51     45.724     4.3765 109.354908    6.70436     51.038     1.2568  34.119590  0.000e+00
     50.625     8.0014    32.7351    25.4952 8.5470e-02      1.641    1480.51     45.725     4.3766 109.354909    6.70441     51.112     1.2568  34.119712  0.000e+00
     50.589     8.0012    32.7333    25.4938 8.5470e-02      1.678    1480.51     45.724     4.3767 109.354909    6.70451     51.076     1.2568  34.117883  0.000e+00
     50.577     7.9982    32.7323    25.4935 8.5470e-02      1.700    1480.50     45.725     4.3770 109.354910    6.70503     51.065     1.2568  34.114225  0.000e+00
     50.589     7.9956    32.7308    25.4927 9.7680e-02      1.685    1480.48     45.725     4.3773 109.354910    6.70549     51.076     1.2568  34.110628  0.000e+00
     50.589     7.9924    32.7292    25.4919 8.5470e-02      1.648    1480.47     45.725     4.3777 109.354911    6.70605     51.076     1.2568  34.106299  0.000e+00
     50.576     7.9910    32.7278    25.4910 8.5470e-02      1.604    1480.46     45.725     4.3779 109.354911    6.70632     51.063     1.2568  34.103739  0.000e+00
     50.589     7.9915    32.7253    25.4890 8.5470e-02      1.568    1480.46     45.649     4.3706 109.354912    6.70635     51.076     1.2263  34.101910  0.000e+00
     50.589     7.9915    32.7244    25.4883 8.5470e-02      1.553    1480.46     45.715     4.3770 109.354912    6.70639     51.076     1.2568  34.100995  0.000e+00
     50.577     7.9888    32.7255    25.4895 9.7680e-02      1.553    1480.45     45.716     4.3773 109.354913    6.70675     51.065     1.2568  34.099715  0.000e+00
     50.589     7.9851    32.7291    25.4929 9.7680e-02      1.546    1480.44     45.717     4.3776 109.354913    6.70717     51.076     1.2568  34.099776  0.000e+00
     50.587     7.9838    32.7321    25.4954 9.7680e-02      1.546    1480.44     45.717     4.3777 109.354914    6.70724     51.075     1.2568  34.101484  0.000e+00
     50.589     7.9838    32.7340    25.4969 8.5470e-02      1.531    1480.44     45.718     4.3777 109.354914    6.70715     51.076     1.2568  34.103252  0.000e+00
     50.577     7.9837    32.7330    25.4962 8.5470e-02      1.524    1480.44     45.718     4.3778 109.354915    6.70722     51.065     1.2263  34.102215  0.000e+00
     50.589     7.9841    32.7306    25.4942 8.5470e-02      1.524    1480.44     45.718     4.3779 109.354915    6.70725     51.076     1.2263  34.100386  0.000e+00
     50.589     7.9841    32.7299    25.4937 8.5470e-02      1.524    1480.44     45.719     4.3779 109.354916    6.70728     51.076     1.2568  34.099716  0.000e+00
     50.587     7.9840    32.7304    25.4941 8.5470e-02      1.524    1480.44     45.643     4.3707 109.354916    6.70729     51.075     1.2263  34.100020  0.000e+00
     50.577     7.9845    32.7306    25.4942 8.5470e-02      1.524    1480.44     45.633     4.3697 109.354917    6.70720     51.065     1.2263  34.100691  0.000e+00
     50.589     7.9852    32.7309    25.4942 9.7680e-02      1.524    1480.44     45.624     4.3687 109.354917    6.70708     51.076     1.2263  34.101544  0.000e+00
     50.589     7.9853    32.7315    25.4947 8.5470e-02      1.524    1480.45     45.615     4.3678 109.354918    6.70704     51.076     1.2263  34.102215  0.000e+00
     50.577     7.9857    32.7328    25.4957 9.7680e-02      1.509    1480.45     45.607     4.3669 109.354918    6.70691     51.065     1.2263  34.103800  0.000e+00
     50.600     7.9862    32.7330    25.4958 9.7680e-02      1.495    1480.45     45.599     4.3661 109.354918    6.70683     51.088     1.2568  34.104471  0.000e+00
     50.576     7.9891    32.7309    25.4937 9.7680e-02      1.473    1480.46     45.591     4.3651 109.354919    6.70647     51.063     1.2568  34.105019  0.000e+00
     50.600     7.9904    32.7304    25.4931 9.7680e-02      1.465    1480.46     45.584     4.3644 109.354919    6.70630     51.088     1.2568  34.105629  0.000e+00
     50.577     7.9896    32.7317    25.4943 9.7680e-02      1.465    1480.46     45.577     4.3638 109.354920    6.70636     51.065     1.2568  34.106238  0.000e+00
     50.589     7.9889    32.7318    25.4944 9.7680e-02      1.473    1480.46     45.571     4.3632 109.354920    6.70647     51.076     1.2568  34.105690  0.000e+00
     50.589     7.9899    32.7304    25.4932 9.7680e-02      1.495    1480.46     45.565     4.3626 109.354921    6.70637     51.076     1.2568  34.105202  0.000e+00
     50.600     7.9915    32.7291    25.4919 9.7680e-02      1.516    1480.47     45.560     4.3620 109.354921    6.70619     51.088     1.2263  34.105385  0.000e+00
     50.589     7.9919    32.7298    25.4925 9.7680e-02      1.546    1480.47     45.555     4.3615 109.354922    6.70610     51.076     1.2568  34.106421  0.000e+00
     50.589     7.9907    32.7322    25.4945 8.5470e-02      1.582    1480.47     45.551     4.3611 109.354922    6.70617     51.076     1.2568  34.107641  0.000e+00
     50.600     7.9897    32.7350    25.4968 8.5470e-02      1.619    1480.47     45.547     4.3607 109.354923    6.70621     51.088     1.2568  34.109348  0.000e+00
     50.589     7.9895    32.7364    25.4980 9.7680e-02      1.648    1480.47     45.467     4.3531 109.354923    6.70618     51.076     1.2568  34.110506  0.000e+00
     50.600     7.9921    32.7357    25.4970 8.5470e-02      1.656    1480.48     45.454     4.3516 109.354924    6.70581     51.088     1.2568  34.112152  0.000e+00
