ctd/data/2024/seabird/GF2.cnv
* Sea-Bird SBE 9 Data File:
* FileName = C:\CTD Brukere\UiO Kurs\Geo kurs 2024\GF2.hex
* Software Version Seasave V 7.26.7.121
* Temperature SN = 5352
* Conductivity SN = 3840
* Number of Bytes Per Scan = 38
* Number of Voltage Words = 5
* Number of Scans Averaged by the Deck Unit = 1
* NMEA Latitude = 59 52.48 N
* NMEA Longitude = 010 39.82 E
* NMEA UTC (Time) = Apr 18 2024 08:37:45
* NMEA baud rate = 4800
** Ship: R/V Trygve Braarud
** Cruise:
** Station:
** Operator:
# nquan = 15
# nvalues = 1816                                  
# units = specified
# name 0 = depSM: Depth [salt water, m]
# name 1 = t090C: Temperature [ITS-90, deg C]
# name 2 = sal00: Salinity, Practical [PSU]
# name 3 = sigma-t00: Density [sigma-t, kg/m^3 ]
# name 4 = flSP: Fluorescence, Seapoint
# name 5 = seaTurbMtr: Turbidity, Seapoint [FTU]
# name 6 = svCM: Sound Velocity [Chen-Millero, m/s]
# name 7 = sbeox0PS: Oxygen, SBE 43 [% saturation]
# name 8 = sbeox0Mg/L: Oxygen, SBE 43 [mg/l]
# name 9 = timeJ: Julian Days
# name 10 = oxsatML/L: Oxygen Saturation, Weiss [ml/l]
# name 11 = prDM: Pressure, Digiquartz [db]
# name 12 = wetStar: Fluorescence, WET Labs WETstar [mg/m^3]
# name 13 = c0mS/cm: Conductivity [mS/cm]
# name 14 = flag:  0.000e+00
# span 0 =      0.215,     26.474                 
# span 1 =     3.9119,     7.1976                 
# span 2 =    21.0305,    31.9033                 
# span 3 =    16.4405,    24.9571                 
# span 4 = 9.7680e-02, 2.0635e+00                 
# span 5 =      0.901,      2.029                 
# span 6 =    1455.64,    1475.97                 
# span 7 =     45.080,     86.808                 
# span 8 =     4.6560,     9.2838                 
# span 9 = 109.360278, 109.361153                 
# span 10 =    6.86756,    7.69353                
# span 11 =      0.217,     26.728                
# span 12 =     1.5010,     3.3020                
# span 13 =  22.207553,  32.627958                
# span 14 = 0.0000e+00, 0.0000e+00                
# interval = seconds: 0.0416667
# start_time = Apr 18 2024 08:38:48 [System UTC, first data scan.]
# bad_flag = -9.990e-29
*END*
[from data line 1735]
     26.438     7.1923    31.8930    24.9465 1.0989e-01      1.656    1475.96     47.633     4.6698 109.361114    6.86815     26.692     1.5315  32.624961  0.000e+00
     26.434     7.1922    31.8937    24.9470 1.0989e-01      1.751    1475.96     47.625     4.6690 109.361115    6.86814     26.687     1.5315  32.625440  0.000e+00
     26.438     7.1923    31.8931    24.9466 1.0989e-01      1.641    1475.96     47.696     4.6759 109.361115    6.86814     26.692     1.5315  32.625081  0.000e+00
     26.421     7.1922    31.8929    24.9464 9.7680e-02      1.480    1475.96     47.626     4.6691 109.361116    6.86818     26.674     1.5315  32.624721  0.000e+00
     26.438     7.1920    31.8924    24.9461 9.7680e-02      1.399    1475.96     47.699     4.6763 109.361116    6.86822     26.692     1.5010  32.624182  0.000e+00
     26.427     7.1919    31.8922    24.9459 9.7680e-02      1.407    1475.95     47.632     4.6698 109.361117    6.86826     26.680     1.5315  32.623822  0.000e+00
     26.434     7.1912    31.8916    24.9455 9.7680e-02      1.480    1475.95     47.633     4.6699 109.361117    6.86839     26.687     1.5315  32.622683  0.000e+00
     26.438     7.1904    31.8914    24.9455 9.7680e-02      1.524    1475.95     47.635     4.6703 109.361118    6.86853     26.692     1.5315  32.621844  0.000e+00
     26.427     7.1901    31.8915    24.9456 9.7680e-02      1.465    1475.95     47.639     4.6707 109.361118    6.86857     26.680     1.5315  32.621665  0.000e+00
     26.434     7.1898    31.8925    24.9464 1.0989e-01      1.385    1475.95     47.645     4.6713 109.361119    6.86858     26.687     1.5315  32.622324  0.000e+00
     26.427     7.1899    31.8926    24.9465 9.7680e-02      1.333    1475.95     47.642     4.6709 109.361119    6.86855     26.680     1.5315  32.622564  0.000e+00
     26.421     7.1891    31.8934    24.9473 1.0989e-01      1.297    1475.95     47.640     4.6707 109.361120    6.86864     26.674     1.5315  32.622624  0.000e+00
     26.438     7.1898    31.8940    24.9476 1.4652e-01      1.282    1475.95     47.639     4.6706 109.361120    6.86851     26.692     1.5315  32.623702  0.000e+00
     26.414     7.1907    31.8950    24.9483 1.5873e-01      1.275    1475.95     47.639     4.6705 109.361121    6.86832     26.667     1.5620  32.625381  0.000e+00
     26.434     7.1906    31.8950    24.9483 1.4652e-01      1.275    1475.95     47.641     4.6707 109.361121    6.86833     26.687     1.5315  32.625381  0.000e+00
     26.427     7.1902    31.8938    24.9474 1.3431e-01      1.267    1475.95     47.644     4.6711 109.361122    6.86845     26.680     1.5620  32.623882  0.000e+00
     26.421     7.1882    31.8939    24.9477 1.2210e-01      1.245    1475.94     47.649     4.6717 109.361122    6.86878     26.674     1.5315  32.622204  0.000e+00
     26.427     7.1868    31.8937    24.9478 1.0989e-01      1.260    1475.94     47.655     4.6725 109.361123    6.86901     26.680     1.5315  32.620826  0.000e+00
     26.427     7.1862    31.8939    24.9480 1.0989e-01      1.275    1475.93     47.586     4.6658 109.361123    6.86909     26.680     1.5620  32.620526  0.000e+00
     26.421     7.1858    31.8942    24.9484 1.2210e-01      1.282    1475.93     47.584     4.6656 109.361124    6.86914     26.674     1.5315  32.620526  0.000e+00
     26.427     7.1865    31.8945    24.9485 1.2210e-01      1.289    1475.94     47.584     4.6655 109.361124    6.86902     26.680     1.5315  32.621365  0.000e+00
     26.421     7.1872    31.8942    24.9482 1.2210e-01      1.304    1475.94     47.586     4.6656 109.361125    6.86891     26.674     1.5315  32.621725  0.000e+00
     26.414     7.1872    31.8937    24.9477 1.2210e-01      1.319    1475.94     47.589     4.6660 109.361125    6.86894     26.667     1.5315  32.621245  0.000e+00
     26.427     7.1871    31.8944    24.9483 1.0989e-01      1.311    1475.94     47.583     4.6654 109.361126    6.86893     26.680     1.5315  32.621725  0.000e+00
     26.421     7.1878    31.8959    24.9494 9.7680e-02      1.311    1475.94     47.579     4.6648 109.361126    6.86874     26.674     1.5315  32.623763  0.000e+00
     26.414     7.1896    31.8963    24.9494 9.7680e-02      1.319    1475.95     47.575     4.6643 109.361127    6.86843     26.667     1.5315  32.625680  0.000e+00
     26.427     7.1919    31.8951    24.9482 9.7680e-02      1.311    1475.96     47.573     4.6639 109.361127    6.86813     26.680     1.5315  32.626459  0.000e+00
     26.421     7.1920    31.8956    24.9486 9.7680e-02      1.282    1475.96     47.573     4.6638 109.361128    6.86808     26.674     1.5315  32.627119  0.000e+00
     26.414     7.1922    31.8958    24.9487 9.7680e-02      1.267    1475.96     47.574     4.6639 109.361128    6.86805     26.667     1.5315  32.627358  0.000e+00
     26.409     7.1923    31.8961    24.9489 9.7680e-02      1.245    1475.96     47.576     4.6641 109.361128    6.86801     26.662     1.5620  32.627778  0.000e+00
     26.427     7.1926    31.8960    24.9488 9.7680e-02      1.231    1475.96     47.580     4.6644 109.361129    6.86797     26.680     1.5315  32.627958  0.000e+00
     26.414     7.1920    31.8963    24.9491 1.0989e-01      1.231    1475.96     47.585     4.6650 109.361129    6.86805     26.667     1.5315  32.627718  0.000e+00
     26.421     7.1909    31.8969    24.9497 9.7680e-02      1.238    1475.96     47.591     4.6657 109.361130    6.86820     26.674     1.5315  32.627299  0.000e+00
     26.414     7.1904    31.8971    24.9500 9.7680e-02      1.231    1475.95     47.599     4.6665 109.361130    6.86828     26.667     1.5315  32.627059  0.000e+00
     26.421     7.1909    31.8963    24.9493 9.7680e-02      1.231    1475.96     47.532     4.6599 109.361131    6.86823     26.674     1.5315  32.626819  0.000e+00
     26.414     7.1906    31.8966    24.9495 9.7680e-02      1.231    1475.95     47.532     4.6599 109.361131    6.86827     26.667     1.5620  32.626759  0.000e+00
     26.414     7.1904    31.8967    24.9497 9.7680e-02      1.223    1475.95     47.533     4.6601 109.361132    6.86829     26.667     1.5620  32.626759  0.000e+00
     26.409     7.1898    31.8970    24.9500 9.7680e-02      1.216    1475.95     47.537     4.6605 109.361132    6.86837     26.662     1.5620  32.626519  0.000e+00
     26.427     7.1891    31.8967    24.9498 9.7680e-02      1.209    1475.95     47.543     4.6612 109.361133    6.86850     26.680     1.5620  32.625620  0.000e+00
     26.421     7.1883    31.8973    24.9504 9.7680e-02      1.216    1475.95     47.539     4.6608 109.361133    6.86860     26.674     1.5620  32.625501  0.000e+00
     26.414     7.1876    31.8966    24.9499 9.7680e-02      1.231    1475.94     47.536     4.6607 109.361134    6.86875     26.667     1.5315  32.624182  0.000e+00
     26.414     7.1859    31.8954    24.9492 9.7680e-02      1.238    1475.94     47.535     4.6608 109.361134    6.86906     26.667     1.5315  32.621725  0.000e+00
     26.421     7.1819    31.8967    24.9508 9.7680e-02      1.238    1475.92     47.535     4.6612 109.361135    6.86965     26.674     1.5315  32.619508  0.000e+00
     26.414     7.1767    31.8998    24.9539 9.7680e-02      1.238    1475.90     47.537     4.6618 109.361135    6.87034     26.667     1.5620  32.617890  0.000e+00
     26.427     7.1733    31.9025    24.9565 9.7680e-02      1.238    1475.90     47.540     4.6624 109.361136    6.87076     26.680     1.5620  32.617531  0.000e+00
     26.409     7.1735    31.9033    24.9571 9.7680e-02      1.223    1475.90     47.544     4.6628 109.361136    6.87070     26.662     1.5315  32.618430  0.000e+00
     26.414     7.1753    31.9018    24.9557 9.7680e-02      1.209    1475.90     47.550     4.6632 109.361137    6.87049     26.667     1.5315  32.618489  0.000e+00
     26.421     7.1767    31.9011    24.9549 9.7680e-02      1.201    1475.91     47.556     4.6637 109.361137    6.87029     26.674     1.5315  32.619089  0.000e+00
     26.414     7.1776    31.9002    24.9541 9.7680e-02      1.216    1475.91     47.488     4.6569 109.361138    6.87018     26.667     1.5620  32.619089  0.000e+00
     26.427     7.1781    31.8999    24.9538 9.7680e-02      1.231    1475.91     47.552     4.6632 109.361138    6.87011     26.680     1.5315  32.619208  0.000e+00
     26.409     7.1785    31.9004    24.9542 1.0989e-01      1.245    1475.91     47.552     4.6630 109.361139    6.87004     26.662     1.5315  32.619987  0.000e+00
     26.427     7.1793    31.9008    24.9544 9.7680e-02      1.245    1475.92     47.563     4.6641 109.361139    6.86988     26.680     1.5620  32.621066  0.000e+00
     26.421     7.1812    31.9004    24.9538 1.0989e-01      1.260    1475.92     47.565     4.6641 109.361140    6.86960     26.674     1.5315  32.622265  0.000e+00
     26.427     7.1831    31.8997    24.9530 1.0989e-01      1.282    1475.93     47.579     4.6653 109.361140    6.86933     26.680     1.5315  32.623284  0.000e+00
     26.414     7.1845    31.8983    24.9517 1.0989e-01      1.311    1475.93     47.583     4.6655 109.361141    6.86916     26.667     1.5620  32.623223  0.000e+00
     26.421     7.1856    31.8970    24.9505 1.0989e-01      1.304    1475.94     47.511     4.6584 109.361141    6.86904     26.674     1.5620  32.622924  0.000e+00
     26.427     7.1869    31.8955    24.9492 1.0989e-01      1.282    1475.94     47.583     4.6654 109.361141    6.86891     26.680     1.5620  32.622624  0.000e+00
     26.414     7.1880    31.8952    24.9488 1.0989e-01      1.267    1475.94     47.590     4.6660 109.361142    6.86875     26.667     1.5620  32.623223  0.000e+00
     26.434     7.1888    31.8940    24.9477 1.2210e-01      1.253    1475.94     47.599     4.6667 109.361142    6.86867     26.687     1.5315  32.622863  0.000e+00
     26.427     7.1893    31.8925    24.9465 1.2210e-01      1.231    1475.94     47.531     4.6601 109.361143    6.86866     26.680     1.5315  32.621904  0.000e+00
     26.421     7.1893    31.8913    24.9456 1.2210e-01      1.223    1475.94     47.531     4.6601 109.361143    6.86871     26.674     1.5315  32.620766  0.000e+00
     26.427     7.1883    31.8911    24.9456 1.2210e-01      1.223    1475.94     47.532     4.6603 109.361144    6.86887     26.680     1.5315  32.619807  0.000e+00
     26.414     7.1882    31.8903    24.9449 1.2210e-01      1.223    1475.94     47.534     4.6606 109.361144    6.86893     26.667     1.5315  32.618908  0.000e+00
     26.445     7.1875    31.8907    24.9453 1.2210e-01      1.216    1475.94     47.538     4.6610 109.361145    6.86902     26.698     1.5315  32.618728  0.000e+00
     26.427     7.1872    31.8910    24.9456 1.2210e-01      1.209    1475.93     47.619     4.6690 109.361145    6.86906     26.680     1.5315  32.618728  0.000e+00
     26.409     7.1871    31.8913    24.9459 1.0989e-01      1.209    1475.93     47.560     4.6632 109.361146    6.86907     26.662     1.5315  32.618908  0.000e+00
     26.438     7.1869    31.8920    24.9465 1.0989e-01      1.238    1475.94     47.567     4.6639 109.361146    6.86906     26.692     1.5315  32.619447  0.000e+00
     26.427     7.1871    31.8916    24.9461 1.0989e-01      1.245    1475.93     47.564     4.6636 109.361147    6.86906     26.680     1.5315  32.619148  0.000e+00
     26.434     7.1870    31.8919    24.9464 1.0989e-01      1.253    1475.94     47.486     4.6560 109.361147    6.86905     26.687     1.5315  32.619447  0.000e+00
     26.427     7.1872    31.8921    24.9465 1.0989e-01      1.260    1475.94     47.551     4.6623 109.361148    6.86901     26.680     1.5315  32.619807  0.000e+00
     26.421     7.1876    31.8920    24.9463 1.0989e-01      1.275    1475.94     47.551     4.6623 109.361148    6.86896     26.674     1.5315  32.619927  0.000e+00
     26.438     7.1874    31.8921    24.9464 1.0989e-01      1.297    1475.94     47.553     4.6625 109.361149    6.86898     26.692     1.5315  32.619927  0.000e+00
     26.427     7.1872    31.8925    24.9468 9.7680e-02      1.297    1475.94     47.555     4.6627 109.361149    6.86899     26.680     1.5010  32.620106  0.000e+00
     26.434     7.1871    31.8927    24.9470 9.7680e-02      1.282    1475.94     47.558     4.6630 109.361150    6.86900     26.687     1.5315  32.620226  0.000e+00
     26.427     7.1872    31.8928    24.9470 9.7680e-02      1.260    1475.94     47.562     4.6634 109.361150    6.86898     26.680     1.5315  32.620406  0.000e+00
     26.438     7.1872    31.8921    24.9465 9.7680e-02      1.231    1475.94     47.491     4.6564 109.361151    6.86901     26.692     1.5315  32.619807  0.000e+00
     26.434     7.1871    31.8925    24.9469 9.7680e-02      1.216    1475.94     47.486     4.6560 109.361151    6.86901     26.687     1.5315  32.620047  0.000e+00
     26.427     7.1877    31.8921    24.9464 9.7680e-02      1.209    1475.94     47.560     4.6631 109.361152    6.86893     26.680     1.5315  32.620226  0.000e+00
     26.434     7.1880    31.8916    24.9460 1.0989e-01      1.209    1475.94     47.492     4.6564 109.361152    6.86890     26.687     1.5315  32.619987  0.000e+00
     26.463     7.1877    31.8918    24.9462 1.0989e-01      1.216    1475.94     47.491     4.6564 109.361153    6.86895     26.716     1.5315  32.619927  0.000e+00
     26.474     7.1871    31.8921    24.9465 1.0989e-01      1.216    1475.94     47.568     4.6640 109.361153    6.86903     26.728     1.5315  32.619687  0.000e+00
