ctd/data/2024/seabird/GF2.cnv
* Sea-Bird SBE 9 Data File:
* FileName = C:\CTD Brukere\UiO Kurs\Geo kurs 2024\GF2.hex
* Software Version Seasave V 7.26.7.121
* Temperature SN = 5352
* Conductivity SN = 3840
* Number of Bytes Per Scan = 38
* Number of Voltage Words = 5
* Number of Scans Averaged by the Deck Unit = 1
* NMEA Latitude = 59 52.48 N
* NMEA Longitude = 010 39.82 E
* NMEA UTC (Time) = Apr 18 2024 08:37:45
* NMEA baud rate = 4800
** Ship: R/V Trygve Braarud
** Cruise:
** Station:
** Operator:
# nquan = 15
# nvalues = 1816                                  
# units = specified
# name 0 = depSM: Depth [salt water, m]
# name 1 = t090C: Temperature [ITS-90, deg C]
# name 2 = sal00: Salinity, Practical [PSU]
# name 3 = sigma-t00: Density [sigma-t, kg/m^3 ]
# name 4 = flSP: Fluorescence, Seapoint
# name 5 = seaTurbMtr: Turbidity, Seapoint [FTU]
# name 6 = svCM: Sound Velocity [Chen-Millero, m/s]
# name 7 = sbeox0PS: Oxygen, SBE 43 [% saturation]
# name 8 = sbeox0Mg/L: Oxygen, SBE 43 [mg/l]
# name 9 = timeJ: Julian Days
# name 10 = oxsatML/L: Oxygen Saturation, Weiss [ml/l]
# name 11 = prDM: Pressure, Digiquartz [db]
# name 12 = wetStar: Fluorescence, WET Labs WETstar [mg/m^3]
# name 13 = c0mS/cm: Conductivity [mS/cm]
# name 14 = flag:  0.000e+00
# span 0 =      0.215,     26.474                 
# span 1 =     3.9119,     7.1976                 
# span 2 =    21.0305,    31.9033                 
# span 3 =    16.4405,    24.9571                 
# span 4 = 9.7680e-02, 2.0635e+00                 
# span 5 =      0.901,      2.029                 
# span 6 =    1455.64,    1475.97                 
# span 7 =     45.080,     86.808                 
# span 8 =     4.6560,     9.2838                 
# span 9 = 109.360278, 109.361153                 
# span 10 =    6.86756,    7.69353                
# span 11 =      0.217,     26.728                
# span 12 =     1.5010,     3.3020                
# span 13 =  22.207553,  32.627958                
# span 14 = 0.0000e+00, 0.0000e+00                
# interval = seconds: 0.0416667
# start_time = Apr 18 2024 08:38:48 [System UTC, first data scan.]
# bad_flag = -9.990e-29
*END*
[from data line 964]
     14.911     4.0215    27.8724    22.1196 3.2967e-01      1.040    1457.80     76.620     8.3195 109.360743    7.61139     15.054     2.1420  26.508847  0.000e+00
     14.920     4.0284    27.9000    22.1409 3.4188e-01      1.026    1457.86     76.548     8.3088 109.360743    7.60868     15.062     2.1420  26.537818  0.000e+00
     14.933     4.0365    27.9362    22.1689 3.4188e-01      1.026    1457.94     76.551     8.3054 109.360744    7.60531     15.075     2.1420  26.575075  0.000e+00
     14.968     4.0479    27.9912    22.2116 3.4188e-01      1.048    1458.06     76.470     8.2913 109.360744    7.60038     15.111     2.1420  26.631079  0.000e+00
     14.983     4.0673    28.0438    22.2517 3.5409e-01      1.055    1458.21     76.463     8.2836 109.360745    7.59406     15.126     2.1420  26.690964  0.000e+00
     15.004     4.0846    28.0661    22.2679 3.5409e-01      1.062    1458.32     76.387     8.2706 109.360745    7.58968     15.147     2.1420  26.723010  0.000e+00
     15.028     4.0959    28.0760    22.2748 3.6630e-01      1.062    1458.38     76.374     8.2663 109.360746    7.58705     15.172     2.1420  26.739985  0.000e+00
     15.039     4.1072    28.0913    22.2859 3.5409e-01      1.070    1458.44     76.291     8.2543 109.360746    7.58415     15.183     2.1115  26.761585  0.000e+00
     15.051     4.1150    28.1066    22.2974 3.6630e-01      1.055    1458.50     76.285     8.2511 109.360747    7.58190     15.194     2.1115  26.780685  0.000e+00
     15.114     4.1211    28.1240    22.3106 3.5409e-01      1.048    1458.55     76.275     8.2479 109.360747    7.57988     15.258     2.0810  26.800236  0.000e+00
     15.111     4.1268    28.1376    22.3209 3.4188e-01      1.048    1458.59     76.274     8.2459 109.360747    7.57813     15.255     2.1115  26.816226  0.000e+00
     15.135     4.1312    28.1461    22.3274 3.4188e-01      1.070    1458.62     76.191     8.2355 109.360748    7.57687     15.280     2.0810  26.826925  0.000e+00
     15.150     4.1351    28.1615    22.3392 3.4188e-01      1.084    1458.65     76.182     8.2329 109.360748    7.57536     15.294     2.0810  26.843143  0.000e+00
     15.171     4.1427    28.1883    22.3598 3.4188e-01      1.070    1458.72     76.104     8.2214 109.360749    7.57260     15.316     2.1115  26.871967  0.000e+00
     15.206     4.1513    28.2086    22.3751 3.2967e-01      1.040    1458.78     76.100     8.2182 109.360749    7.56996     15.352     2.1115  26.895948  0.000e+00
     15.206     4.1599    28.2256    22.3879 3.2967e-01      1.026    1458.84     76.093     8.2147 109.360750    7.56748     15.352     2.0810  26.917147  0.000e+00
     15.234     4.1657    28.2438    22.4018 3.2967e-01      1.018    1458.89     76.017     8.2043 109.360750    7.56548     15.379     2.0810  26.937237  0.000e+00
     15.255     4.1704    28.2609    22.4149 3.2967e-01      1.018    1458.93     76.016     8.2024 109.360751    7.56375     15.401     2.0810  26.955545  0.000e+00
     15.279     4.1727    28.2703    22.4222 3.4188e-01      1.018    1458.95     75.947     8.1939 109.360751    7.56284     15.425     2.0810  26.965427  0.000e+00
     15.304     4.1738    28.2811    22.4307 3.2967e-01      1.018    1458.97     75.941     8.1924 109.360752    7.56209     15.450     2.0810  26.975645  0.000e+00
     15.317     4.1763    28.3245    22.4649 3.1746e-01      1.026    1459.04     75.944     8.1898 109.360752    7.55945     15.463     2.0810  27.015135  0.000e+00
     15.326     4.1832    28.4203    22.5403 3.0525e-01      1.048    1459.19     75.942     8.1830 109.360753    7.55336     15.473     2.0810  27.103295  0.000e+00
     15.362     4.1951    28.5332    22.6288 3.1746e-01      1.092    1459.39     75.870     8.1667 109.360753    7.54549     15.509     2.0504  27.210042  0.000e+00
     15.386     4.2082    28.6219    22.6980 3.2967e-01      1.106    1459.56     75.873     8.1595 109.360754    7.53860     15.533     2.0810  27.296750  0.000e+00
     15.389     4.2218    28.6719    22.7365 3.4188e-01      1.092    1459.68     75.794     8.1455 109.360754    7.53357     15.536     2.0504  27.350326  0.000e+00
     15.435     4.2356    28.7332    22.7839 3.5409e-01      1.084    1459.82     75.791     8.1391 109.360755    7.52794     15.582     2.0810  27.413882  0.000e+00
     15.435     4.2553    28.8122    22.8448 3.4188e-01      1.084    1460.00     75.795     8.1313 109.360755    7.52032     15.582     2.0504  27.497338  0.000e+00
     15.461     4.2760    28.8720    22.8903 3.2967e-01      1.077    1460.16     75.796     8.1240 109.360756    7.51349     15.608     2.0199  27.564901  0.000e+00
     15.495     4.2965    28.9165    22.9237 3.1746e-01      1.077    1460.31     75.728     8.1102 109.360756    7.50747     15.643     2.0199  27.619062  0.000e+00
     15.506     4.3126    28.9432    22.9435 2.9304e-01      1.062    1460.41     75.735     8.1063 109.360757    7.50315     15.654     1.9894  27.654552  0.000e+00
     15.530     4.3269    28.9684    22.9621 2.9304e-01      1.055    1460.50     75.661     8.0942 109.360757    7.49926     15.679     1.9894  27.687297  0.000e+00
     15.545     4.3485    29.0104    22.9935 2.8083e-01      1.062    1460.65     75.661     8.0876 109.360758    7.49317     15.693     1.9589  27.740248  0.000e+00
     15.577     4.3752    29.0448    23.0183 3.1746e-01      1.055    1460.80     75.669     8.0813 109.360758    7.48653     15.726     1.9589  27.790526  0.000e+00
     15.590     4.3942    29.0463    23.0177 3.2967e-01      1.040    1460.89     75.596     8.0698 109.360759    7.48295     15.739     1.9283  27.806389  0.000e+00
     15.616     4.4042    29.0513    23.0207 3.2967e-01      1.040    1460.93     75.522     8.0596 109.360759    7.48084     15.765     1.9283  27.818415  0.000e+00
     15.650     4.4138    29.0734    23.0373 3.1746e-01      1.055    1461.00     75.511     8.0554 109.360760    7.47798     15.800     1.8978  27.844960  0.000e+00
     15.650     4.4259    29.0997    23.0571 2.9304e-01      1.055    1461.09     75.509     8.0513 109.360760    7.47445     15.800     1.8978  27.877166  0.000e+00
     15.676     4.4533    29.1267    23.0759 2.9304e-01      1.062    1461.24     75.513     8.0450 109.360761    7.46808     15.826     1.8978  27.921597  0.000e+00
     15.710     4.4792    29.1511    23.0928 2.8083e-01      1.062    1461.38     75.436     8.0304 109.360761    7.46211     15.860     1.9283  27.962772  0.000e+00
     15.710     4.4975    29.1683    23.1047 2.8083e-01      1.055    1461.48     75.435     8.0258 109.360761    7.45789     15.860     1.8978  27.991801  0.000e+00
     15.736     4.5096    29.1839    23.1159 2.9304e-01      1.040    1461.55     75.354     8.0139 109.360762    7.45490     15.886     1.9283  28.014726  0.000e+00
     15.770     4.5237    29.1988    23.1264 2.9304e-01      1.040    1461.63     75.347     8.0097 109.360762    7.45158     15.921     1.8978  28.038564  0.000e+00
     15.782     4.5364    29.2248    23.1457 2.9304e-01      1.040    1461.71     75.350     8.0061 109.360763    7.44798     15.932     1.8978  28.070964  0.000e+00
     15.808     4.5489    29.2556    23.1690 3.1746e-01      1.033    1461.80     75.362     8.0033 109.360763    7.44417     15.958     1.8978  28.107460  0.000e+00
     15.829     4.5563    29.2660    23.1765 3.2967e-01      1.026    1461.85     75.293     7.9940 109.360764    7.44231     15.980     1.8978  28.122255  0.000e+00
     15.842     4.5573    29.2577    23.1698 3.1746e-01      1.026    1461.84     75.301     7.9950 109.360764    7.44252     15.993     1.8978  28.115849  0.000e+00
     15.877     4.5574    29.2608    23.1723 3.0525e-01      1.055    1461.85     75.226     7.9869 109.360765    7.44236     16.029     1.8978  28.118570  0.000e+00
     15.879     4.5584    29.2818    23.1888 2.9304e-01      1.084    1461.88     75.227     7.9856 109.360765    7.44113     16.030     1.8978  28.137735  0.000e+00
     15.913     4.5610    29.3000    23.2030 2.6862e-01      1.092    1461.91     75.236     7.9852 109.360766    7.43978     16.065     1.8978  28.155543  0.000e+00
     15.913     4.5665    29.3167    23.2157 2.5641e-01      1.099    1461.96     75.176     7.9769 109.360766    7.43794     16.065     1.8673  28.174376  0.000e+00
     15.952     4.5771    29.3324    23.2272 2.6862e-01      1.106    1462.02     75.179     7.9742 109.360767    7.43523     16.104     1.8673  28.196335  0.000e+00
     15.973     4.5872    29.3336    23.2271 2.6862e-01      1.092    1462.07     75.190     7.9734 109.360767    7.43333     16.125     1.8673  28.205188  0.000e+00
     15.973     4.5959    29.3315    23.2246 2.6862e-01      1.077    1462.10     75.120     7.9644 109.360768    7.43185     16.125     1.8673  28.210068  0.000e+00
     16.023     4.6061    29.3526    23.2403 2.8083e-01      1.062    1462.17     75.125     7.9618 109.360768    7.42895     16.176     1.8978  28.236352  0.000e+00
     16.033     4.6164    29.3795    23.2606 2.9304e-01      1.055    1462.25     75.126     7.9585 109.360769    7.42575     16.186     1.8673  28.267814  0.000e+00
     16.059     4.6377    29.4241    23.2939 3.0525e-01      1.062    1462.39     75.056     7.9446 109.360769    7.41967     16.212     1.8673  28.323330  0.000e+00
     16.068     4.6648    29.4979    23.3498 3.0525e-01      1.062    1462.60     75.047     7.9345 109.360770    7.41114     16.222     1.8673  28.408812  0.000e+00
     16.093     4.7008    29.5850    23.4153 3.0525e-01      1.070    1462.86     75.046     7.9229 109.360770    7.40034     16.246     1.8673  28.512964  0.000e+00
     16.106     4.7300    29.6486    23.4627 3.1746e-01      1.070    1463.06     74.976     7.9065 109.360771    7.39193     16.259     1.8368  28.591412  0.000e+00
     16.153     4.7528    29.6925    23.4952 3.1746e-01      1.055    1463.22     74.983     7.9005 109.360771    7.38567     16.307     1.8368  28.647617  0.000e+00
     16.153     4.7765    29.7156    23.5112 3.0525e-01      1.048    1463.34     74.907     7.8868 109.360772    7.38027     16.307     1.8368  28.686384  0.000e+00
     16.179     4.7892    29.7079    23.5039 2.9304e-01      1.055    1463.39     74.908     7.8850 109.360772    7.37835     16.333     1.8368  28.689638  0.000e+00
     16.213     4.7954    29.7265    23.5179 2.9304e-01      1.040    1463.44     74.907     7.8827 109.360773    7.37633     16.367     1.8062  28.710773  0.000e+00
     16.224     4.8110    29.7452    23.5312 2.8083e-01      1.018    1463.53     74.835     7.8711 109.360773    7.37261     16.379     1.8062  28.739399  0.000e+00
     16.250     4.8151    29.7515    23.5357 2.6862e-01      1.026    1463.55     74.840     7.8705 109.360774    7.37155     16.405     1.8062  28.748143  0.000e+00
     16.273     4.8239    29.7637    23.5445 2.8083e-01      1.040    1463.60     74.840     7.8682 109.360774    7.36938     16.428     1.8062  28.765749  0.000e+00
     16.295     4.8339    29.7851    23.5604 2.8083e-01      1.033    1463.67     74.771     7.8579 109.360774    7.36654     16.451     1.8062  28.792337  0.000e+00
     16.310     4.8469    29.8123    23.5807 2.8083e-01      1.040    1463.76     74.763     7.8533 109.360775    7.36287     16.466     1.7757  28.826486  0.000e+00
     16.333     4.8599    29.8319    23.5949 2.6862e-01      1.033    1463.84     74.687     7.8417 109.360775    7.35959     16.488     1.7757  28.853896  0.000e+00
     16.357     4.8671    29.8310    23.5935 2.5641e-01      1.048    1463.87     74.686     7.8403 109.360776    7.35833     16.513     1.7757  28.858817  0.000e+00
     16.380     4.8708    29.8316    23.5936 2.4420e-01      1.048    1463.89     74.695     7.8405 109.360776    7.35764     16.536     1.7757  28.862251  0.000e+00
     16.392     4.8783    29.8608    23.6160 2.3199e-01      1.040    1463.95     74.699     7.8380 109.360777    7.35488     16.549     1.7757  28.893740  0.000e+00
     16.417     4.8909    29.8922    23.6395 2.3199e-01      1.040    1464.05     74.634     7.8271 109.360777    7.35110     16.574     1.7757  28.931141  0.000e+00
     16.451     4.9042    29.9054    23.6486 2.1978e-01      1.040    1464.12     74.631     7.8236 109.360778    7.34807     16.608     1.7757  28.953315  0.000e+00
     16.465     4.9131    29.9045    23.6470 2.1978e-01      1.048    1464.16     74.636     7.8226 109.360778    7.34651     16.623     1.7757  28.959561  0.000e+00
     16.488     4.9155    29.8999    23.6431 2.3199e-01      1.040    1464.16     74.574     7.8158 109.360779    7.34630     16.646     1.7757  28.957440  0.000e+00
     16.511     4.9156    29.9004    23.6435 2.1978e-01      1.062    1464.16     74.587     7.8171 109.360779    7.34626     16.668     1.7757  28.957956  0.000e+00
     16.525     4.9164    29.9031    23.6456 2.1978e-01      1.099    1464.17     74.596     7.8178 109.360780    7.34599     16.683     1.7757  28.960994  0.000e+00
     16.548     4.9174    29.9050    23.6469 2.1978e-01      1.114    1464.18     74.536     7.8112 109.360780    7.34572     16.706     1.7757  28.963401  0.000e+00
     16.561     4.9183    29.9088    23.6499 2.3199e-01      1.114    1464.18     74.538     7.8111 109.360781    7.34537     16.719     1.7757  28.967470  0.000e+00
     16.595     4.9210    29.9170    23.6561 2.4420e-01      1.099    1464.21     74.549     7.8112 109.360781    7.34450     16.753     1.7452  28.976814  0.000e+00
     16.606     4.9252    29.9264    23.6631 2.4420e-01      1.084    1464.24     74.489     7.8038 109.360782    7.34329     16.765     1.7757  28.988337  0.000e+00
     16.632     4.9304    29.9367    23.6707 2.3199e-01      1.070    1464.27     74.492     7.8026 109.360782    7.34185     16.791     1.7452  29.001524  0.000e+00
     16.655     4.9431    29.9511    23.6808 2.4420e-01      1.048    1464.34     74.412     7.7910 109.360783    7.33888     16.814     1.7757  29.024234  0.000e+00
     16.681     4.9573    29.9789    23.7014 2.5641e-01      1.026    1464.44     74.406     7.7863 109.360783    7.33501     16.840     1.7757  29.059862  0.000e+00
     16.704     4.9776    30.0310    23.7405 2.5641e-01      1.026    1464.59     74.408     7.7800 109.360784    7.32886     16.863     1.7757  29.121746  0.000e+00
     16.715     5.0136    30.0954    23.7877 2.5641e-01      1.040    1464.82     74.416     7.7707 109.360784    7.31933     16.875     1.7452  29.206902  0.000e+00
     16.741     5.0600    30.1773    23.8478 2.4420e-01      1.048    1465.11     74.340     7.7499 109.360785    7.30714     16.901     1.7452  29.315866  0.000e+00
     16.775     5.1125    30.2383    23.8906 2.3199e-01      1.040    1465.41     74.338     7.7368 109.360785    7.29489     16.935     1.7452  29.411490  0.000e+00
     16.788     5.1565    30.2734    23.9137 2.1978e-01      1.033    1465.63     74.256     7.7183 109.360786    7.28542     16.948     1.7452  29.477571  0.000e+00
     16.811     5.1926    30.3014    23.9320 2.3199e-01      1.018    1465.82     74.249     7.7094 109.360786    7.27770     16.971     1.7147  29.531123  0.000e+00
     16.835     5.2207    30.3110    23.9366 2.4420e-01      1.011    1465.94     74.251     7.7040 109.360787    7.27227     16.996     1.7147  29.562185  0.000e+00
     16.848     5.2332    30.3086    23.9334 2.4420e-01      1.018    1465.99     74.187     7.6951 109.360787    7.27020     17.009     1.7147  29.570039  0.000e+00
     16.882     5.2410    30.3094    23.9331 2.3199e-01      1.018    1466.03     74.185     7.6935 109.360788    7.26878     17.043     1.7147  29.576969  0.000e+00
     16.896     5.2479    30.3122    23.9346 2.3199e-01      1.011    1466.06     74.115     7.6848 109.360788    7.26743     17.058     1.6841  29.584998  0.000e+00
     16.930     5.2531    30.3103    23.9325 2.0757e-01      1.011    1466.08     74.107     7.6831 109.360788    7.26661     17.092     1.7147  29.587482  0.000e+00
