ctd/data/2024/seabird/GF2.cnv
* Sea-Bird SBE 9 Data File:
* FileName = C:\CTD Brukere\UiO Kurs\Geo kurs 2024\GF2.hex
* Software Version Seasave V 7.26.7.121
* Temperature SN = 5352
* Conductivity SN = 3840
* Number of Bytes Per Scan = 38
* Number of Voltage Words = 5
* Number of Scans Averaged by the Deck Unit = 1
* NMEA Latitude = 59 52.48 N
* NMEA Longitude = 010 39.82 E
* NMEA UTC (Time) = Apr 18 2024 08:37:45
* NMEA baud rate = 4800
** Ship: R/V Trygve Braarud
** Cruise:
** Station:
** Operator:
# nquan = 15
# nvalues = 1816                                  
# units = specified
# name 0 = depSM: Depth [salt water, m]
# name 1 = t090C: Temperature [ITS-90, deg C]
# name 2 = sal00: Salinity, Practical [PSU]
# name 3 = sigma-t00: Density [sigma-t, kg/m^3 ]
# name 4 = flSP: Fluorescence, Seapoint
# name 5 = seaTurbMtr: Turbidity, Seapoint [FTU]
# name 6 = svCM: Sound Velocity [Chen-Millero, m/s]
# name 7 = sbeox0PS: Oxygen, SBE 43 [% saturation]
# name 8 = sbeox0Mg/L: Oxygen, SBE 43 [mg/l]
# name 9 = timeJ: Julian Days
# name 10 = oxsatML/L: Oxygen Saturation, Weiss [ml/l]
# name 11 = prDM: Pressure, Digiquartz [db]
# name 12 = wetStar: Fluorescence, WET Labs WETstar [mg/m^3]
# name 13 = c0mS/cm: Conductivity [mS/cm]
# name 14 = flag:  0.000e+00
# span 0 =      0.215,     26.474                 
# span 1 =     3.9119,     7.1976                 
# span 2 =    21.0305,    31.9033                 
# span 3 =    16.4405,    24.9571                 
# span 4 = 9.7680e-02, 2.0635e+00                 
# span 5 =      0.901,      2.029                 
# span 6 =    1455.64,    1475.97                 
# span 7 =     45.080,     86.808                 
# span 8 =     4.6560,     9.2838                 
# span 9 = 109.360278, 109.361153                 
# span 10 =    6.86756,    7.69353                
# span 11 =      0.217,     26.728                
# span 12 =     1.5010,     3.3020                
# span 13 =  22.207553,  32.627958                
# span 14 = 0.0000e+00, 0.0000e+00                
# interval = seconds: 0.0416667
# start_time = Apr 18 2024 08:38:48 [System UTC, first data scan.]
# bad_flag = -9.990e-29
*END*
[from data line 772]
     10.722     4.7031    24.8046    19.6297 6.4713e-01      1.136    1456.70     80.357     8.7595 109.360650    7.63715     10.825     2.6304  24.289930  0.000e+00
     10.729     4.7008    24.8137    19.6370 6.5934e-01      1.253    1456.70     80.356     8.7594 109.360651    7.63715     10.831     2.6304  24.296439  0.000e+00
     10.758     4.6979    24.8212    19.6432 6.5934e-01      1.465    1456.69     80.360     8.7600 109.360651    7.63731     10.861     2.6304  24.301226  0.000e+00
     10.782     4.6946    24.8282    19.6491 6.5934e-01      1.421    1456.69     80.369     8.7612 109.360652    7.63757     10.885     2.6304  24.305369  0.000e+00
     10.795     4.6921    24.8335    19.6535 6.2271e-01      1.253    1456.69     80.304     8.7543 109.360652    7.63778     10.898     2.6304  24.308382  0.000e+00
     10.831     4.6896    24.8380    19.6572 5.8608e-01      1.121    1456.68     80.297     8.7539 109.360652    7.63803     10.934     2.6304  24.310696  0.000e+00
     10.837     4.6864    24.8419    19.6606 6.9597e-01      1.062    1456.67     80.294     8.7541 109.360653    7.63843     10.941     2.6304  24.312095  0.000e+00
     10.866     4.6838    24.8454    19.6636 1.0012e+00      1.033    1456.67     80.219     8.7462 109.360653    7.63875     10.970     2.6304  24.313494  0.000e+00
     10.891     4.6814    24.8480    19.6658 1.1600e+00      1.011    1456.66     80.214     8.7460 109.360654    7.63907     10.995     2.6304  24.314194  0.000e+00
     10.902     4.6784    24.8508    19.6683 1.1111e+00      0.996    1456.65     80.201     8.7451 109.360654    7.63950     11.006     2.6304  24.314679  0.000e+00
     10.926     4.6755    24.8530    19.6703 9.2796e-01      0.982    1456.64     80.193     8.7447 109.360655    7.63994     11.031     2.6304  24.314679  0.000e+00
     10.938     4.6726    24.8550    19.6722 7.9365e-01      0.996    1456.63     80.190     8.7449 109.360655    7.64038     11.042     2.6304  24.314625  0.000e+00
     10.980     4.6693    24.8571    19.6741 7.0818e-01      1.011    1456.62     80.113     8.7371 109.360656    7.64090     11.085     2.5999  24.314249  0.000e+00
     10.986     4.6668    24.8588    19.6757 6.7155e-01      1.011    1456.62     80.107     8.7369 109.360656    7.64128     11.091     2.6304  24.314142  0.000e+00
     11.009     4.6637    24.8615    19.6781 6.4713e-01      1.011    1456.61     80.107     8.7373 109.360657    7.64174     11.114     2.6304  24.314465  0.000e+00
     11.033     4.6602    24.8645    19.6807 6.1050e-01      1.018    1456.60     80.111     8.7384 109.360657    7.64225     11.139     2.6304  24.314788  0.000e+00
     11.058     4.6575    24.8666    19.6826 6.1050e-01      1.011    1456.59     80.121     8.7399 109.360658    7.64265     11.163     2.5999  24.314842  0.000e+00
     11.082     4.6541    24.8699    19.6855 6.2271e-01      0.996    1456.58     80.123     8.7406 109.360658    7.64313     11.188     2.6304  24.315542  0.000e+00
     11.093     4.6512    24.8731    19.6883 6.1050e-01      0.974    1456.57     80.129     8.7418 109.360659    7.64351     11.199     2.6304  24.316511  0.000e+00
     11.124     4.6481    24.8767    19.6914 5.8608e-01      0.960    1456.56     80.062     8.7349 109.360659    7.64392     11.230     2.6304  24.317641  0.000e+00
     11.142     4.6440    24.8810    19.6951 5.7387e-01      0.945    1456.55     80.067     8.7360 109.360660    7.64448     11.248     2.6304  24.318664  0.000e+00
     11.165     4.6379    24.8876    19.7010 5.6166e-01      0.952    1456.53     80.063     8.7366 109.360660    7.64530     11.271     2.6304  24.320547  0.000e+00
     11.189     4.6327    24.8932    19.7057 5.7387e-01      1.018    1456.52     80.065     8.7375 109.360661    7.64600     11.295     2.5999  24.322001  0.000e+00
     11.213     4.6287    24.8978    19.7097 5.8608e-01      1.033    1456.51     80.071     8.7387 109.360661    7.64654     11.320     2.5999  24.323400  0.000e+00
     11.224     4.6238    24.9045    19.7155 5.8608e-01      1.026    1456.50     80.081     8.7405 109.360662    7.64713     11.331     2.5999  24.326091  0.000e+00
     11.260     4.6181    24.9129    19.7226 5.7387e-01      1.011    1456.48     80.018     8.7344 109.360662    7.64777     11.367     2.5999  24.329805  0.000e+00
     11.280     4.6119    24.9211    19.7296 5.6166e-01      1.004    1456.47     80.014     8.7348 109.360663    7.64855     11.387     2.6304  24.332927  0.000e+00
     11.297     4.6062    24.9280    19.7356 5.6166e-01      0.989    1456.45     80.014     8.7355 109.360663    7.64927     11.405     2.6304  24.335296  0.000e+00
     11.320     4.6009    24.9346    19.7412 5.6166e-01      0.974    1456.44     80.018     8.7368 109.360664    7.64994     11.428     2.5999  24.337611  0.000e+00
     11.356     4.5968    24.9396    19.7456 5.7387e-01      0.960    1456.43     80.027     8.7384 109.360664    7.65047     11.464     2.6304  24.339334  0.000e+00
     11.356     4.5931    24.9436    19.7490 5.4945e-01      0.960    1456.42     79.949     8.7304 109.360665    7.65097     11.464     2.6304  24.340410  0.000e+00
     11.393     4.5896    24.9473    19.7523 5.2503e-01      0.982    1456.41     79.942     8.7302 109.360665    7.65145     11.502     2.6304  24.341380  0.000e+00
     11.404     4.5865    24.9507    19.7552 5.1282e-01      0.974    1456.40     79.939     8.7303 109.360666    7.65186     11.513     2.6304  24.342349  0.000e+00
     11.440     4.5838    24.9538    19.7579 5.2503e-01      0.952    1456.39     79.941     8.7309 109.360666    7.65221     11.549     2.6304  24.343264  0.000e+00
     11.459     4.5823    24.9554    19.7593 5.3724e-01      0.952    1456.39     79.947     8.7318 109.360666    7.65242     11.569     2.6304  24.343695  0.000e+00
     11.488     4.5812    24.9569    19.7606 5.2503e-01      0.982    1456.39     79.958     8.7332 109.360667    7.65255     11.598     2.6304  24.344341  0.000e+00
     11.500     4.5801    24.9580    19.7616 5.1282e-01      1.004    1456.38     79.973     8.7350 109.360667    7.65271     11.609     2.6304  24.344557  0.000e+00
     11.524     4.5791    24.9583    19.7619 5.2503e-01      1.004    1456.38     79.994     8.7374 109.360668    7.65287     11.634     2.6304  24.344180  0.000e+00
     11.547     4.5788    24.9584    19.7620 5.4945e-01      0.996    1456.38     79.927     8.7302 109.360668    7.65293     11.657     2.6304  24.344072  0.000e+00
     11.571     4.5780    24.9594    19.7628 5.4945e-01      0.974    1456.38     79.931     8.7307 109.360669    7.65303     11.681     2.5999  24.344395  0.000e+00
     11.595     4.5775    24.9604    19.7637 5.2503e-01      0.967    1456.38     79.940     8.7317 109.360669    7.65307     11.706     2.6304  24.345041  0.000e+00
     11.620     4.5765    24.9618    19.7649 5.1282e-01      0.967    1456.38     79.953     8.7333 109.360670    7.65320     11.730     2.6304  24.345580  0.000e+00
     11.631     4.5755    24.9630    19.7659 5.3724e-01      0.989    1456.37     79.971     8.7354 109.360670    7.65332     11.742     2.6304  24.346011  0.000e+00
     11.662     4.5746    24.9637    19.7665 5.4945e-01      0.996    1456.37     79.902     8.7281 109.360671    7.65346     11.773     2.6304  24.346011  0.000e+00
     11.680     4.5743    24.9641    19.7669 5.8608e-01      0.996    1456.37     79.904     8.7283 109.360671    7.65350     11.791     2.6304  24.346172  0.000e+00
     11.715     4.5736    24.9645    19.7672 6.2271e-01      0.996    1456.37     79.911     8.7292 109.360672    7.65360     11.827     2.6304  24.346065  0.000e+00
     11.715     4.5735    24.9645    19.7673 6.2271e-01      1.040    1456.37     79.922     8.7304 109.360672    7.65363     11.827     2.6304  24.346011  0.000e+00
     11.762     4.5733    24.9652    19.7678 5.9829e-01      1.055    1456.37     79.938     8.7322 109.360673    7.65363     11.874     2.6304  24.346496  0.000e+00
     11.762     4.5730    24.9665    19.7688 5.7387e-01      1.033    1456.37     79.945     8.7329 109.360673    7.65362     11.874     2.6304  24.347411  0.000e+00
     11.798     4.5717    24.9678    19.7700 5.6166e-01      1.004    1456.37     79.879     8.7259 109.360674    7.65379     11.910     2.6304  24.347788  0.000e+00
     11.822     4.5711    24.9687    19.7708 5.3724e-01      0.989    1456.37     79.883     8.7264 109.360674    7.65386     11.935     2.6304  24.348218  0.000e+00
     11.835     4.5700    24.9701    19.7720 5.4945e-01      0.996    1456.36     79.892     8.7275 109.360675    7.65401     11.948     2.5999  24.348703  0.000e+00
     11.858     4.5686    24.9715    19.7732 5.4945e-01      0.996    1456.36     79.905     8.7292 109.360675    7.65420     11.971     2.5999  24.349026  0.000e+00
     11.882     4.5675    24.9730    19.7745 5.2503e-01      1.004    1456.36     79.910     8.7299 109.360676    7.65433     11.995     2.5999  24.349619  0.000e+00
     11.906     4.5663    24.9749    19.7761 5.1282e-01      1.004    1456.35     79.841     8.7225 109.360676    7.65446     12.020     2.5999  24.350534  0.000e+00
     11.918     4.5655    24.9762    19.7772 5.7387e-01      1.011    1456.35     79.843     8.7228 109.360677    7.65455     12.031     2.5999  24.351126  0.000e+00
     11.961     4.5641    24.9792    19.7797 6.5934e-01      1.004    1456.35     79.836     8.7222 109.360677    7.65466     12.076     2.5694  24.352903  0.000e+00
     11.966     4.5573    25.0104    19.8049 6.5934e-01      1.004    1456.36     79.835     8.7216 109.360678    7.65438     12.080     2.5999  24.376003  0.000e+00
     12.002     4.5306    25.0892    19.8696 6.3492e-01      1.033    1456.35     79.842     8.7236 109.360678    7.65547     12.116     2.5999  24.428047  0.000e+00
     12.013     4.4919    25.1699    19.9367 6.1050e-01      1.297    1456.29     79.856     8.7286 109.360679    7.65872     12.128     2.5999  24.473552  0.000e+00
     12.026     4.4548    25.2355    19.9918 6.1050e-01      1.407    1456.22     79.874     8.7347 109.360679    7.66245     12.141     2.5999  24.506622  0.000e+00
     12.062     4.4154    25.3146    20.0578 6.1050e-01      1.311    1456.15     79.805     8.7310 109.360679    7.66595     12.177     2.6304  24.549911  0.000e+00
     12.086     4.3734    25.3968    20.1264 5.8608e-01      1.187    1456.08     79.807     8.7354 109.360680    7.66978     12.201     2.6304  24.594037  0.000e+00
     12.109     4.3343    25.4723    20.1895 5.3724e-01      1.114    1456.01     79.812     8.7400 109.360680    7.67342     12.224     2.5999  24.633975  0.000e+00
     12.122     4.3043    25.5561    20.2584 5.1282e-01      1.077    1455.99     79.820     8.7423 109.360681    7.67488     12.237     2.5999  24.687404  0.000e+00
     12.146     4.2719    25.6528    20.3377 5.0061e-01      1.055    1455.98     79.832     8.7449 109.360681    7.67616     12.262     2.5999  24.750294  0.000e+00
     12.169     4.2380    25.7365    20.4069 5.1282e-01      1.040    1455.94     79.849     8.7492 109.360682    7.67839     12.285     2.5999  24.800561  0.000e+00
     12.193     4.2108    25.7879    20.4499 5.1282e-01      1.026    1455.89     79.790     8.7455 109.360682    7.68097     12.309     2.5999  24.827063  0.000e+00
     12.217     4.1915    25.8172    20.4747 5.3724e-01      1.018    1455.84     79.787     8.7476 109.360683    7.68319     12.334     2.5999  24.839425  0.000e+00
     12.229     4.1786    25.8366    20.4911 6.2271e-01      1.004    1455.81     79.787     8.7492 109.360683    7.68467     12.345     2.5694  24.847558  0.000e+00
     12.264     4.1686    25.8529    20.5049 6.4713e-01      0.996    1455.79     79.790     8.7508 109.360684    7.68576     12.381     2.5694  24.854933  0.000e+00
     12.289     4.1640    25.8601    20.5109 6.1050e-01      0.996    1455.78     79.796     8.7520 109.360684    7.68627     12.406     2.5388  24.858079  0.000e+00
     12.300     4.1580    25.8655    20.5157 5.7387e-01      1.004    1455.77     79.728     8.7455 109.360685    7.68715     12.417     2.5388  24.858676  0.000e+00
     12.324     4.1511    25.8705    20.5203 5.8608e-01      1.033    1455.74     79.731     8.7470 109.360685    7.68821     12.442     2.5388  24.858351  0.000e+00
     12.349     4.1437    25.8767    20.5258 5.8608e-01      1.062    1455.72     79.725     8.7476 109.360686    7.68931     12.466     2.5388  24.858677  0.000e+00
     12.360     4.1368    25.8772    20.5267 5.7387e-01      1.077    1455.69     79.724     8.7490 109.360686    7.69061     12.478     2.5388  24.854340  0.000e+00
     12.384     4.1365    25.8682    20.5196 5.4945e-01      1.070    1455.68     79.725     8.7497 109.360687    7.69113     12.502     2.5388  24.846261  0.000e+00
     12.409     4.1367    25.8683    20.5197 5.2503e-01      1.084    1455.68     79.652     8.7416 109.360687    7.69110     12.527     2.5388  24.846478  0.000e+00
     12.420     4.1303    25.8823    20.5313 5.1282e-01      1.077    1455.67     79.651     8.7421 109.360688    7.69160     12.538     2.5388  24.854395  0.000e+00
     12.455     4.1230    25.8931    20.5405 5.4945e-01      1.048    1455.65     79.642     8.7420 109.360688    7.69245     12.574     2.5388  24.858788  0.000e+00
     12.468     4.1216    25.8954    20.5424 7.2039e-01      1.033    1455.65     79.635     8.7415 109.360689    7.69260     12.587     2.5083  24.859872  0.000e+00
     12.493     4.1177    25.9032    20.5489 9.4017e-01      1.033    1455.64     79.634     8.7417 109.360689    7.69296     12.612     2.5388  24.863994  0.000e+00
     12.515     4.1106    25.9198    20.5626 1.2821e+00      1.055    1455.64     79.559     8.7340 109.360690    7.69347     12.635     2.5388  24.873595  0.000e+00
     12.528     4.1043    25.9422    20.5809 1.3065e+00      1.055    1455.64     79.554     8.7335 109.360690    7.69353     12.648     2.5083  24.888838  0.000e+00
     12.564     4.1015    25.9634    20.5980 1.0867e+00      1.033    1455.65     79.553     8.7328 109.360691    7.69299     12.684     2.5083  24.905496  0.000e+00
     12.564     4.1014    25.9693    20.6027 8.4249e-01      1.018    1455.66     79.557     8.7328 109.360691    7.69272     12.684     2.5083  24.910543  0.000e+00
     12.600     4.1053    25.9756    20.6073 6.8376e-01      1.004    1455.69     79.564     8.7324 109.360692    7.69165     12.720     2.4778  24.918737  0.000e+00
     12.624     4.1018    25.9936    20.6219 5.9829e-01      0.996    1455.70     79.565     8.7322 109.360692    7.69139     12.744     2.4778  24.932090  0.000e+00
     12.635     4.0992    26.0107    20.6357 5.6166e-01      1.004    1455.71     79.490     8.7236 109.360693    7.69103     12.756     2.4778  24.945175  0.000e+00
     12.660     4.0901    26.0387    20.6586 5.2503e-01      1.004    1455.70     79.489     8.7237 109.360693    7.69135     12.780     2.4778  24.963367  0.000e+00
     12.684     4.0792    26.0675    20.6824 5.1282e-01      1.011    1455.69     79.492     8.7247 109.360693    7.69196     12.805     2.4778  24.981020  0.000e+00
     12.707     4.0694    26.0928    20.7032 5.8608e-01      1.004    1455.69     79.500     8.7262 109.360694    7.69256     12.828     2.5083  24.996287  0.000e+00
     12.731     4.0605    26.1243    20.7289 5.9829e-01      1.004    1455.69     79.499     8.7262 109.360694    7.69267     12.852     2.4778  25.017536  0.000e+00
     12.744     4.0526    26.1567    20.7553 5.8608e-01      1.011    1455.70     79.502     8.7263 109.360695    7.69252     12.865     2.4778  25.040368  0.000e+00
     12.767     4.0461    26.1952    20.7864 5.4945e-01      1.026    1455.72     79.430     8.7176 109.360695    7.69182     12.888     2.4778  25.069407  0.000e+00
