ctd/data/2024/seabird/GF2.cnv
* Sea-Bird SBE 9 Data File:
* FileName = C:\CTD Brukere\UiO Kurs\Geo kurs 2024\GF2.hex
* Software Version Seasave V 7.26.7.121
* Temperature SN = 5352
* Conductivity SN = 3840
* Number of Bytes Per Scan = 38
* Number of Voltage Words = 5
* Number of Scans Averaged by the Deck Unit = 1
* NMEA Latitude = 59 52.48 N
* NMEA Longitude = 010 39.82 E
* NMEA UTC (Time) = Apr 18 2024 08:37:45
* NMEA baud rate = 4800
** Ship: R/V Trygve Braarud
** Cruise:
** Station:
** Operator:
# nquan = 15
# nvalues = 1816                                  
# units = specified
# name 0 = depSM: Depth [salt water, m]
# name 1 = t090C: Temperature [ITS-90, deg C]
# name 2 = sal00: Salinity, Practical [PSU]
# name 3 = sigma-t00: Density [sigma-t, kg/m^3 ]
# name 4 = flSP: Fluorescence, Seapoint
# name 5 = seaTurbMtr: Turbidity, Seapoint [FTU]
# name 6 = svCM: Sound Velocity [Chen-Millero, m/s]
# name 7 = sbeox0PS: Oxygen, SBE 43 [% saturation]
# name 8 = sbeox0Mg/L: Oxygen, SBE 43 [mg/l]
# name 9 = timeJ: Julian Days
# name 10 = oxsatML/L: Oxygen Saturation, Weiss [ml/l]
# name 11 = prDM: Pressure, Digiquartz [db]
# name 12 = wetStar: Fluorescence, WET Labs WETstar [mg/m^3]
# name 13 = c0mS/cm: Conductivity [mS/cm]
# name 14 = flag:  0.000e+00
# span 0 =      0.215,     26.474                 
# span 1 =     3.9119,     7.1976                 
# span 2 =    21.0305,    31.9033                 
# span 3 =    16.4405,    24.9571                 
# span 4 = 9.7680e-02, 2.0635e+00                 
# span 5 =      0.901,      2.029                 
# span 6 =    1455.64,    1475.97                 
# span 7 =     45.080,     86.808                 
# span 8 =     4.6560,     9.2838                 
# span 9 = 109.360278, 109.361153                 
# span 10 =    6.86756,    7.69353                
# span 11 =      0.217,     26.728                
# span 12 =     1.5010,     3.3020                
# span 13 =  22.207553,  32.627958                
# span 14 = 0.0000e+00, 0.0000e+00                
# interval = seconds: 0.0416667
# start_time = Apr 18 2024 08:38:48 [System UTC, first data scan.]
# bad_flag = -9.990e-29
*END*
[from data line 1254]
     21.132     6.4415    31.3489    24.6150 1.3431e-01      1.092    1472.24     56.210     5.6274 109.360883    7.01500     21.334     1.5926  31.491354  0.000e+00
     21.156     6.4469    31.3528    24.6174 1.3431e-01      1.092    1472.27     56.160     5.6215 109.360883    7.01392     21.358     1.5926  31.499456  0.000e+00
     21.180     6.4507    31.3546    24.6184 1.3431e-01      1.084    1472.29     56.113     5.6163 109.360883    7.01320     21.383     1.6231  31.504305  0.000e+00
     21.192     6.4515    31.3530    24.6170 1.3431e-01      1.077    1472.29     56.070     5.6120 109.360884    7.01315     21.394     1.6231  31.503477  0.000e+00
     21.227     6.4503    31.3494    24.6143 1.3431e-01      1.077    1472.28     56.032     5.6084 109.360884    7.01352     21.430     1.6231  31.499160  0.000e+00
     21.242     6.4493    31.3508    24.6156 1.4652e-01      1.077    1472.28     55.986     5.6039 109.360885    7.01361     21.445     1.6231  31.499692  0.000e+00
     21.263     6.4512    31.3569    24.6201 1.5873e-01      1.070    1472.29     55.944     5.5992 109.360885    7.01301     21.466     1.6231  31.506849  0.000e+00
     21.276     6.4542    31.3623    24.6240 1.7094e-01      1.077    1472.31     55.905     5.5947 109.360886    7.01227     21.479     1.6231  31.514243  0.000e+00
     21.311     6.4577    31.3675    24.6277 1.7094e-01      1.084    1472.33     55.859     5.5895 109.360886    7.01145     21.515     1.6231  31.521933  0.000e+00
     21.311     6.4618    31.3708    24.6297 1.5873e-01      1.070    1472.35     55.816     5.5845 109.360887    7.01063     21.515     1.6231  31.528263  0.000e+00
     21.347     6.4653    31.3715    24.6299 1.4652e-01      1.055    1472.37     55.777     5.5801 109.360887    7.01002     21.551     1.6231  31.531872  0.000e+00
     21.371     6.4681    31.3716    24.6296 1.4652e-01      1.062    1472.38     55.740     5.5761 109.360888    7.00954     21.576     1.5926  31.534356  0.000e+00
     21.383     6.4700    31.3729    24.6304 1.3431e-01      1.062    1472.39     55.707     5.5725 109.360888    7.00917     21.587     1.5926  31.537078  0.000e+00
     21.409     6.4726    31.3747    24.6315 1.3431e-01      1.070    1472.40     55.666     5.5679 109.360889    7.00866     21.613     1.5926  31.540865  0.000e+00
     21.431     6.4755    31.3779    24.6336 1.3431e-01      1.062    1472.42     55.627     5.5636 109.360889    7.00804     21.636     1.5926  31.546191  0.000e+00
     21.443     6.4783    31.3801    24.6350 1.3431e-01      1.055    1472.43     55.591     5.5595 109.360890    7.00747     21.648     1.5926  31.550570  0.000e+00
     21.467     6.4803    31.3815    24.6359 1.4652e-01      1.062    1472.44     55.558     5.5559 109.360890    7.00708     21.672     1.5926  31.553528  0.000e+00
     21.491     6.4816    31.3800    24.6346 1.3431e-01      1.070    1472.45     55.516     5.5515 109.360891    7.00693     21.697     1.6231  31.553292  0.000e+00
     21.514     6.4811    31.3753    24.6309 1.3431e-01      1.055    1472.44     55.476     5.5478 109.360891    7.00722     21.720     1.6231  31.548617  0.000e+00
     21.538     6.4804    31.3748    24.6306 1.2210e-01      1.048    1472.44     55.438     5.5441 109.360892    7.00736     21.744     1.6231  31.547611  0.000e+00
     21.563     6.4818    31.3778    24.6328 1.2210e-01      1.062    1472.45     55.391     5.5392 109.360892    7.00700     21.769     1.6231  31.551457  0.000e+00
     21.574     6.4841    31.3831    24.6367 1.3431e-01      1.070    1472.46     55.346     5.5342 109.360893    7.00638     21.780     1.6231  31.558145  0.000e+00
     21.598     6.4884    31.3862    24.6385 1.3431e-01      1.070    1472.48     55.303     5.5292 109.360893    7.00552     21.805     1.5926  31.564596  0.000e+00
     21.637     6.4916    31.3868    24.6386 1.4652e-01      1.077    1472.50     55.262     5.5247 109.360894    7.00497     21.844     1.5926  31.567792  0.000e+00
     21.634     6.4927    31.3862    24.6380 1.3431e-01      1.106    1472.50     55.223     5.5206 109.360894    7.00481     21.841     1.6231  31.568206  0.000e+00
     21.670     6.4926    31.3857    24.6377 1.3431e-01      1.136    1472.50     55.173     5.5157 109.360895    7.00486     21.877     1.5926  31.567674  0.000e+00
     21.683     6.4930    31.3863    24.6381 1.3431e-01      1.121    1472.50     55.125     5.5108 109.360895    7.00475     21.890     1.5926  31.568621  0.000e+00
     21.718     6.4938    31.3874    24.6389 1.4652e-01      1.114    1472.51     55.079     5.5060 109.360896    7.00456     21.926     1.5926  31.570337  0.000e+00
     21.730     6.4956    31.3897    24.6404 1.4652e-01      1.114    1472.52     55.034     5.5012 109.360896    7.00417     21.937     1.5926  31.573830  0.000e+00
     21.767     6.4998    31.3922    24.6419 1.5873e-01      1.106    1472.54     54.991     5.4963 109.360897    7.00336     21.975     1.5926  31.579690  0.000e+00
     21.778     6.5033    31.3900    24.6397 1.7094e-01      1.099    1472.55     54.937     5.4905 109.360897    7.00288     21.987     1.6231  31.580578  0.000e+00
     21.803     6.5029    31.3911    24.6406 1.7094e-01      1.092    1472.55     54.960     5.4929 109.360897    7.00289     22.011     1.6231  31.581288  0.000e+00
     21.814     6.5052    31.4004    24.6476 1.7094e-01      1.099    1472.57     54.919     5.4881 109.360898    7.00209     22.023     1.5926  31.591649  0.000e+00
     21.850     6.5130    31.4108    24.6549 1.7094e-01      1.114    1472.62     54.879     5.4827 109.360898    7.00032     22.059     1.6231  31.607696  0.000e+00
     21.863     6.5195    31.4153    24.6576 1.7094e-01      1.121    1472.65     54.839     5.4777 109.360899    6.99905     22.072     1.5926  31.617171  0.000e+00
     21.889     6.5259    31.4155    24.6570 1.5873e-01      1.143    1472.67     54.799     5.4730 109.360899    6.99799     22.098     1.5926  31.622679  0.000e+00
     21.910     6.5308    31.4179    24.6582 1.4652e-01      1.209    1472.70     54.748     5.4672 109.360900    6.99707     22.119     1.5926  31.628957  0.000e+00
     21.934     6.5374    31.4256    24.6635 1.3431e-01      1.194    1472.73     54.698     5.4610 109.360900    6.99562     22.144     1.5926  31.641575  0.000e+00
     21.958     6.5477    31.4344    24.6692 1.3431e-01      1.150    1472.78     54.659     5.4555 109.360901    6.99353     22.168     1.5926  31.658164  0.000e+00
     21.981     6.5592    31.4406    24.6726 1.3431e-01      1.106    1472.84     54.686     5.4565 109.360901    6.99135     22.191     1.5926  31.673453  0.000e+00
     21.994     6.5674    31.4430    24.6735 1.3431e-01      1.084    1472.87     54.569     5.4438 109.360902    6.98988     22.204     1.5926  31.682580  0.000e+00
     22.030     6.5740    31.4419    24.6717 1.2210e-01      1.070    1472.90     54.595     5.4456 109.360902    6.98885     22.240     1.6231  31.687025  0.000e+00
     22.041     6.5763    31.4410    24.6708 1.2210e-01      1.077    1472.91     54.478     5.4336 109.360903    6.98850     22.252     1.5926  31.688210  0.000e+00
     22.078     6.5778    31.4455    24.6741 1.2210e-01      1.092    1472.92     54.503     5.4358 109.360903    6.98806     22.289     1.5926  31.693545  0.000e+00
     22.090     6.5819    31.4503    24.6774 1.2210e-01      1.099    1472.94     54.463     5.4310 109.360904    6.98716     22.301     1.5926  31.701370  0.000e+00
     22.114     6.5872    31.4502    24.6766 1.4652e-01      1.106    1472.96     54.421     5.4263 109.360904    6.98630     22.325     1.5926  31.705639  0.000e+00
     22.137     6.5903    31.4490    24.6753 1.4652e-01      1.106    1472.97     54.380     5.4217 109.360905    6.98583     22.348     1.5926  31.707239  0.000e+00
     22.161     6.5924    31.4513    24.6768 1.3431e-01      1.106    1472.99     54.337     5.4172 109.360905    6.98539     22.373     1.5926  31.711034  0.000e+00
     22.174     6.5954    31.4538    24.6784 1.3431e-01      1.114    1473.00     54.295     5.4124 109.360906    6.98477     22.386     1.5926  31.715955  0.000e+00
     22.210     6.5970    31.4537    24.6782 1.2210e-01      1.114    1473.01     54.240     5.4068 109.360906    6.98451     22.422     1.5926  31.717200  0.000e+00
     22.234     6.5965    31.4535    24.6780 1.2210e-01      1.114    1473.01     54.261     5.4089 109.360907    6.98461     22.447     1.5926  31.716548  0.000e+00
     22.245     6.5959    31.4533    24.6780 1.2210e-01      1.121    1473.00     54.214     5.4044 109.360907    6.98472     22.458     1.5926  31.715896  0.000e+00
     22.270     6.5965    31.4538    24.6783 1.2210e-01      1.136    1473.01     54.167     5.3996 109.360908    6.98460     22.483     1.5926  31.716845  0.000e+00
     22.292     6.5969    31.4543    24.6786 1.2210e-01      1.114    1473.01     54.118     5.3946 109.360908    6.98451     22.505     1.6231  31.717616  0.000e+00
     22.330     6.5964    31.4525    24.6773 1.4652e-01      1.099    1473.01     54.067     5.3897 109.360909    6.98468     22.543     1.6231  31.715600  0.000e+00
     22.341     6.5958    31.4515    24.6766 1.4652e-01      1.092    1473.00     54.015     5.3847 109.360909    6.98483     22.555     1.5926  31.714177  0.000e+00
     22.365     6.5951    31.4527    24.6776 1.5873e-01      1.084    1473.00     53.962     5.3794 109.360910    6.98488     22.579     1.6231  31.714651  0.000e+00
     22.390     6.5951    31.4526    24.6775 1.5873e-01      1.077    1473.00     53.908     5.3739 109.360910    6.98488     22.604     1.6231  31.714651  0.000e+00
     22.401     6.5948    31.4535    24.6783 1.4652e-01      1.084    1473.00     53.928     5.3760 109.360910    6.98489     22.615     1.6231  31.715244  0.000e+00
     22.437     6.5956    31.4540    24.6786 1.3431e-01      1.092    1473.01     53.882     5.3713 109.360911    6.98474     22.651     1.6231  31.716371  0.000e+00
     22.461     6.5958    31.4534    24.6781 1.3431e-01      1.099    1473.01     53.833     5.3664 109.360911    6.98474     22.676     1.6231  31.715956  0.000e+00
     22.485     6.5956    31.4524    24.6773 1.3431e-01      1.114    1473.00     53.783     5.3615 109.360912    6.98481     22.700     1.6231  31.714889  0.000e+00
     22.508     6.5943    31.4508    24.6762 1.3431e-01      1.143    1473.00     53.731     5.3565 109.360912    6.98509     22.723     1.6231  31.712398  0.000e+00
     22.521     6.5930    31.4492    24.6751 1.3431e-01      1.201    1472.99     53.676     5.3513 109.360913    6.98538     22.736     1.6231  31.709849  0.000e+00
     22.545     6.5916    31.4487    24.6749 1.3431e-01      1.201    1472.99     53.620     5.3459 109.360913    6.98563     22.761     1.6231  31.708248  0.000e+00
     22.581     6.5908    31.4503    24.6762 1.2210e-01      1.179    1472.98     53.562     5.3401 109.360914    6.98570     22.797     1.6231  31.708960  0.000e+00
     22.605     6.5915    31.4510    24.6767 1.2210e-01      1.143    1472.99     53.579     5.3417 109.360914    6.98556     22.821     1.5926  31.710205  0.000e+00
     22.617     6.5915    31.4515    24.6771 1.3431e-01      1.106    1472.99     53.528     5.3366 109.360915    6.98553     22.833     1.5926  31.710680  0.000e+00
     22.641     6.5916    31.4524    24.6778 1.3431e-01      1.092    1472.99     53.475     5.3313 109.360915    6.98547     22.857     1.6231  31.711628  0.000e+00
     22.677     6.5921    31.4544    24.6793 1.2210e-01      1.084    1473.00     53.420     5.3256 109.360916    6.98530     22.893     1.6231  31.713882  0.000e+00
     22.688     6.5939    31.4561    24.6804 1.2210e-01      1.092    1473.01     53.362     5.3196 109.360916    6.98492     22.905     1.5926  31.716965  0.000e+00
     22.712     6.5954    31.4568    24.6808 1.2210e-01      1.099    1473.01     53.379     5.3210 109.360917    6.98464     22.929     1.5926  31.718862  0.000e+00
     22.737     6.5967    31.4587    24.6821 1.2210e-01      1.106    1473.02     53.250     5.3080 109.360917    6.98435     22.954     1.5926  31.721649  0.000e+00
     22.761     6.5981    31.4621    24.6846 1.2210e-01      1.099    1473.03     53.262     5.3088 109.360918    6.98396     22.979     1.5926  31.725919  0.000e+00
     22.784     6.6022    31.4683    24.6890 1.3431e-01      1.084    1473.06     53.205     5.3024 109.360918    6.98300     23.001     1.5926  31.735052  0.000e+00
     22.808     6.6091    31.4728    24.6916 1.3431e-01      1.070    1473.09     53.145     5.2955 109.360919    6.98167     23.026     1.5926  31.744898  0.000e+00
     22.832     6.6144    31.4716    24.6900 1.2210e-01      1.055    1473.11     53.160     5.2964 109.360919    6.98085     23.051     1.5926  31.748219  0.000e+00
     22.844     6.6152    31.4690    24.6879 1.2210e-01      1.055    1473.11     53.028     5.2833 109.360920    6.98084     23.062     1.5926  31.746558  0.000e+00
     22.879     6.6140    31.4692    24.6882 1.2210e-01      1.062    1473.11     52.960     5.2765 109.360920    6.98101     23.098     1.5926  31.745847  0.000e+00
     22.892     6.6147    31.4697    24.6885 1.2210e-01      1.062    1473.11     52.888     5.2693 109.360921    6.98089     23.111     1.5926  31.746796  0.000e+00
     22.916     6.6152    31.4685    24.6875 1.2210e-01      1.062    1473.11     52.902     5.2707 109.360921    6.98086     23.136     1.5926  31.746143  0.000e+00
     22.952     6.6148    31.4681    24.6872 1.2210e-01      1.062    1473.11     52.848     5.2654 109.360922    6.98094     23.172     1.5926  31.745491  0.000e+00
     22.963     6.6150    31.4704    24.6890 1.2210e-01      1.070    1473.11     52.791     5.2596 109.360922    6.98081     23.183     1.5926  31.747745  0.000e+00
     22.988     6.6182    31.4766    24.6935 1.2210e-01      1.099    1473.13     52.732     5.2531 109.360923    6.97999     23.208     1.5926  31.756109  0.000e+00
     22.999     6.6241    31.4812    24.6964 1.2210e-01      1.106    1473.16     52.746     5.2536 109.360923    6.97882     23.219     1.5926  31.765186  0.000e+00
     23.048     6.6287    31.4811    24.6957 1.2210e-01      1.099    1473.18     52.692     5.2477 109.360924    6.97807     23.268     1.6231  31.768983  0.000e+00
     23.059     6.6292    31.4799    24.6947 1.2210e-01      1.099    1473.18     52.634     5.2419 109.360924    6.97804     23.280     1.5926  31.768331  0.000e+00
     23.072     6.6292    31.4793    24.6942 1.3431e-01      1.099    1473.18     52.573     5.2358 109.360924    6.97807     23.293     1.5926  31.767797  0.000e+00
     23.108     6.6296    31.4809    24.6955 1.3431e-01      1.106    1473.19     52.520     5.2304 109.360925    6.97792     23.329     1.6231  31.769695  0.000e+00
     23.119     6.6311    31.4830    24.6969 1.2210e-01      1.121    1473.19     52.529     5.2311 109.360925    6.97759     23.340     1.6231  31.772781  0.000e+00
     23.143     6.6338    31.4862    24.6991 1.2210e-01      1.121    1473.21     52.482     5.2259 109.360926    6.97700     23.365     1.6231  31.777943  0.000e+00
     23.168     6.6379    31.4871    24.6993 1.2210e-01      1.121    1473.23     52.419     5.2191 109.360926    6.97628     23.389     1.6231  31.782275  0.000e+00
     23.192     6.6398    31.4861    24.6983 1.0989e-01      1.114    1473.23     52.364     5.2135 109.360927    6.97601     23.414     1.6231  31.782987  0.000e+00
     23.179     6.6400    31.4856    24.6979 1.2210e-01      1.099    1473.23     52.305     5.2076 109.360927    6.97600     23.401     1.5926  31.782690  0.000e+00
     23.260     6.6400    31.4848    24.6972 1.2210e-01      1.084    1473.23     52.321     5.2092 109.360928    6.97604     23.483     1.5926  31.781978  0.000e+00
