ctd/data/2024/seabird/GF3.cnv
* Sea-Bird SBE 9 Data File:
* FileName = C:\CTD Brukere\UiO Kurs\Geo kurs 2024\GF3.hex
* Software Version Seasave V 7.26.7.121
* Temperature SN = 5352
* Conductivity SN = 3840
* Number of Bytes Per Scan = 38
* Number of Voltage Words = 5
* Number of Scans Averaged by the Deck Unit = 1
* NMEA Latitude = 59 52.53 N
* NMEA Longitude = 010 39.20 E
* NMEA UTC (Time) = Apr 18 2024 08:43:57
* NMEA baud rate = 4800
** Ship: R/V Trygve Braarud
** Cruise:
** Station:
** Operator:
# nquan = 15
# nvalues = 5370                                  
# units = specified
# name 0 = depSM: Depth [salt water, m]
# name 1 = t090C: Temperature [ITS-90, deg C]
# name 2 = sal00: Salinity, Practical [PSU]
# name 3 = sigma-t00: Density [sigma-t, kg/m^3 ]
# name 4 = flSP: Fluorescence, Seapoint
# name 5 = seaTurbMtr: Turbidity, Seapoint [FTU]
# name 6 = svCM: Sound Velocity [Chen-Millero, m/s]
# name 7 = sbeox0PS: Oxygen, SBE 43 [% saturation]
# name 8 = sbeox0Mg/L: Oxygen, SBE 43 [mg/l]
# name 9 = timeJ: Julian Days
# name 10 = oxsatML/L: Oxygen Saturation, Weiss [ml/l]
# name 11 = prDM: Pressure, Digiquartz [db]
# name 12 = wetStar: Fluorescence, WET Labs WETstar [mg/m^3]
# name 13 = c0mS/cm: Conductivity [mS/cm]
# name 14 = flag:  0.000e+00
# span 0 =      0.203,     77.189                 
# span 1 =     3.9665,     7.7543                 
# span 2 =    20.9048,    32.7113                 
# span 3 =    16.3779,    25.5243                 
# span 4 = 0.0000e+00, 3.9194e+00                 
# span 5 =      0.000,     29.516                 
# span 6 =    1455.55,    1479.66                 
# span 7 =     34.471,     86.746                 
# span 8 =     3.6805,     9.2688                 
# span 9 = 109.365694, 109.368284                 
# span 10 =    6.74447,    7.69722                
# span 11 =      0.205,     77.938                
# span 12 =    -0.3000,     3.0272                
# span 13 =  21.878740,  33.874180                
# span 14 = 0.0000e+00, 0.0000e+00                
# interval = seconds: 0.0416667
# start_time = Apr 18 2024 08:46:36 [System UTC, first data scan.]
# bad_flag = -9.990e-29
*END*
[from data line 3760]
     56.052     7.7427    32.7093    25.5121 8.5470e-02      1.656    1479.58     51.101     4.9208 109.367508    6.74547     56.593     1.1652  33.871077  0.000e+00
     56.062     7.7434    32.7090    25.5118 8.5470e-02      1.641    1479.59     51.100     4.9206 109.367508    6.74538     56.603     1.1652  33.871381  0.000e+00
     56.088     7.7441    32.7092    25.5118 8.5470e-02      1.582    1479.59     51.099     4.9205 109.367509    6.74525     56.629     1.1652  33.872232  0.000e+00
     56.113     7.7445    32.7093    25.5119 8.5470e-02      1.538    1479.59     51.098     4.9203 109.367509    6.74519     56.654     1.1957  33.872718  0.000e+00
     56.122     7.7449    32.7090    25.5115 8.5470e-02      1.509    1479.59     51.097     4.9202 109.367510    6.74514     56.664     1.1957  33.872779  0.000e+00
     56.161     7.7453    32.7091    25.5116 8.5470e-02      1.487    1479.60     51.097     4.9201 109.367510    6.74508     56.703     1.1957  33.873205  0.000e+00
     56.169     7.7455    32.7091    25.5116 8.5470e-02      1.495    1479.60     51.096     4.9200 109.367511    6.74505     56.711     1.1957  33.873387  0.000e+00
     56.197     7.7456    32.7085    25.5111 8.5470e-02      1.524    1479.60     51.095     4.9199 109.367511    6.74506     56.739     1.1957  33.872962  0.000e+00
     56.233     7.7456    32.7087    25.5112 8.5470e-02      1.524    1479.60     51.095     4.9199 109.367512    6.74504     56.775     1.1957  33.873205  0.000e+00
     56.243     7.7457    32.7088    25.5113 8.5470e-02      1.502    1479.60     51.094     4.9198 109.367512    6.74502     56.785     1.1957  33.873388  0.000e+00
     56.257     7.7457    32.7088    25.5113 8.5470e-02      1.495    1479.60     51.093     4.9197 109.367513    6.74502     56.800     1.1957  33.873388  0.000e+00
     56.293     7.7458    32.7087    25.5112 8.5470e-02      1.487    1479.60     51.092     4.9196 109.367513    6.74501     56.836     1.1957  33.873388  0.000e+00
     56.290     7.7459    32.7087    25.5112 9.7680e-02      1.473    1479.60     51.091     4.9195 109.367514    6.74500     56.833     1.1957  33.873388  0.000e+00
     56.330     7.7457    32.7090    25.5115 9.7680e-02      1.465    1479.60     51.091     4.9195 109.367514    6.74501     56.874     1.1957  33.873631  0.000e+00
     56.350     7.7458    32.7088    25.5113 9.7680e-02      1.473    1479.60     51.090     4.9194 109.367514    6.74501     56.894     1.1957  33.873449  0.000e+00
     56.378     7.7459    32.7086    25.5111 9.7680e-02      1.509    1479.60     51.089     4.9193 109.367515    6.74501     56.921     1.1957  33.873388  0.000e+00
     56.391     7.7459    32.7086    25.5111 9.7680e-02      1.538    1479.60     51.088     4.9192 109.367515    6.74500     56.935     1.1957  33.873388  0.000e+00
     56.423     7.7461    32.7084    25.5109 8.5470e-02      1.590    1479.60     51.088     4.9192 109.367516    6.74498     56.967     1.1957  33.873388  0.000e+00
     56.438     7.7461    32.7082    25.5108 8.5470e-02      1.700    1479.60     51.087     4.9191 109.367516    6.74499     56.982     1.1957  33.873206  0.000e+00
     56.459     7.7459    32.7089    25.5114 9.7680e-02      1.714    1479.60     51.086     4.9190 109.367517    6.74498     57.004     1.1652  33.873753  0.000e+00
     56.487     7.7456    32.7090    25.5114 9.7680e-02      1.656    1479.60     51.085     4.9190 109.367517    6.74504     57.031     1.1957  33.873510  0.000e+00
     56.511     7.7457    32.7087    25.5112 9.7680e-02      1.619    1479.60     51.096     4.9200 109.367518    6.74503     57.056     1.1957  33.873388  0.000e+00
     56.530     7.7463    32.7086    25.5111 8.5470e-02      1.604    1479.60     51.096     4.9199 109.367518    6.74494     57.076     1.1957  33.873814  0.000e+00
     56.558     7.7461    32.7090    25.5114 8.5470e-02      1.575    1479.60     51.095     4.9199 109.367519    6.74496     57.104     1.1957  33.873997  0.000e+00
     56.579     7.7459    32.7084    25.5110 8.5470e-02      1.531    1479.60     51.095     4.9199 109.367519    6.74501     57.125     1.1957  33.873328  0.000e+00
     56.594     7.7459    32.7082    25.5108 8.5470e-02      1.502    1479.60     51.095     4.9199 109.367520    6.74502     57.140     1.1957  33.873085  0.000e+00
     56.631     7.7459    32.7086    25.5111 8.5470e-02      1.509    1479.60     51.094     4.9198 109.367520    6.74500     57.178     1.1957  33.873510  0.000e+00
     56.639     7.7459    32.7088    25.5112 9.7680e-02      1.531    1479.61     51.105     4.9209 109.367521    6.74499     57.186     1.1957  33.873693  0.000e+00
     56.667     7.7461    32.7086    25.5111 8.5470e-02      1.560    1479.61     51.105     4.9209 109.367521    6.74497     57.214     1.1957  33.873693  0.000e+00
     56.700     7.7459    32.7083    25.5109 8.5470e-02      1.590    1479.61     51.106     4.9209 109.367522    6.74502     57.247     1.1957  33.873267  0.000e+00
     56.727     7.7458    32.7089    25.5114 8.5470e-02      1.575    1479.61     51.106     4.9209 109.367522    6.74501     57.274     1.1957  33.873754  0.000e+00
     56.735     7.7462    32.7080    25.5106 8.5470e-02      1.560    1479.61     51.106     4.9209 109.367523    6.74498     57.283     1.1957  33.873268  0.000e+00
     56.776     7.7459    32.7088    25.5112 8.5470e-02      1.546    1479.61     51.106     4.9210 109.367523    6.74499     57.324     1.1652  33.873754  0.000e+00
     56.787     7.7457    32.7090    25.5114 8.5470e-02      1.531    1479.61     51.106     4.9210 109.367524    6.74501     57.335     1.1652  33.873754  0.000e+00
     56.820     7.7461    32.7087    25.5112 9.7680e-02      1.538    1479.61     51.106     4.9210 109.367524    6.74497     57.368     1.1652  33.873876  0.000e+00
     56.836     7.7461    32.7089    25.5113 8.5470e-02      1.546    1479.61     51.107     4.9210 109.367525    6.74496     57.384     1.1652  33.873998  0.000e+00
     56.856     7.7462    32.7087    25.5111 1.0989e-01      1.553    1479.61     51.107     4.9210 109.367525    6.74495     57.404     1.1957  33.873998  0.000e+00
     56.883     7.7462    32.7087    25.5111 1.0989e-01      1.553    1479.61     51.107     4.9210 109.367526    6.74495     57.432     1.1652  33.873998  0.000e+00
     56.904     7.7459    32.7092    25.5115 9.7680e-02      1.568    1479.61     51.107     4.9210 109.367526    6.74497     57.453     1.1957  33.874180  0.000e+00
     56.932     7.7461    32.7086    25.5111 9.7680e-02      1.560    1479.61     51.184     4.9284 109.367527    6.74497     57.481     1.1957  33.873815  0.000e+00
     56.956     7.7459    32.7086    25.5111 9.7680e-02      1.553    1479.61     51.118     4.9221 109.367527    6.74500     57.506     1.1957  33.873694  0.000e+00
     56.976     7.7456    32.7089    25.5114 9.7680e-02      1.560    1479.61     51.117     4.9221 109.367527    6.74504     57.526     1.1957  33.873694  0.000e+00
     57.004     7.7456    32.7087    25.5112 8.5470e-02      1.575    1479.61     51.117     4.9221 109.367528    6.74505     57.554     1.2263  33.873451  0.000e+00
     57.025     7.7455    32.7089    25.5114 8.5470e-02      1.582    1479.61     51.193     4.9294 109.367528    6.74506     57.575     1.1957  33.873573  0.000e+00
     57.041     7.7454    32.7085    25.5111 9.7680e-02      1.582    1479.61     51.203     4.9304 109.367529    6.74508     57.591     1.1957  33.873208  0.000e+00
     57.073     7.7449    32.7086    25.5112 8.5470e-02      1.582    1479.61     51.137     4.9240 109.367529    6.74515     57.624     1.1957  33.872843  0.000e+00
     57.101     7.7446    32.7083    25.5111 8.5470e-02      1.582    1479.61     51.135     4.9239 109.367530    6.74521     57.652     1.1957  33.872357  0.000e+00
     57.109     7.7440    32.7082    25.5111 8.5470e-02      1.597    1479.60     51.211     4.9312 109.367530    6.74532     57.660     1.1957  33.871688  0.000e+00
     57.148     7.7434    32.7078    25.5108 8.5470e-02      1.634    1479.60     51.143     4.9249 109.367531    6.74543     57.700     1.1957  33.870776  0.000e+00
     57.169     7.7426    32.7078    25.5110 8.5470e-02      1.656    1479.60     51.142     4.9248 109.367531    6.74555     57.721     1.1957  33.870107  0.000e+00
     57.197     7.7424    32.7076    25.5108 8.5470e-02      1.626    1479.60     51.140     4.9247 109.367532    6.74559     57.749     1.1957  33.869743  0.000e+00
     57.217     7.7419    32.7082    25.5113 8.5470e-02      1.575    1479.60     51.139     4.9246 109.367532    6.74564     57.769     1.1957  33.869864  0.000e+00
     57.233     7.7419    32.7086    25.5117 8.5470e-02      1.553    1479.60     51.137     4.9244 109.367533    6.74562     57.785     1.1957  33.870290  0.000e+00
     57.233     7.7421    32.7090    25.5120 8.5470e-02      1.582    1479.60     51.135     4.9242 109.367533    6.74558     57.785     1.1957  33.870777  0.000e+00
     57.326     7.7426    32.7088    25.5117 8.5470e-02      1.590    1479.60     51.134     4.9240 109.367534    6.74551     57.879     1.1957  33.871081  0.000e+00
     57.306     7.7426    32.7089    25.5119 8.5470e-02      1.553    1479.60     51.132     4.9238 109.367534    6.74551     57.859     1.1957  33.871202  0.000e+00
     57.337     7.7426    32.7081    25.5112 8.5470e-02      1.538    1479.60     51.130     4.9237 109.367535    6.74554     57.890     1.1957  33.870473  0.000e+00
     57.366     7.7422    32.7083    25.5114 8.5470e-02      1.568    1479.60     51.205     4.9309 109.367535    6.74559     57.920     1.1957  33.870291  0.000e+00
     57.397     7.7424    32.7084    25.5115 8.5470e-02      1.590    1479.60     51.138     4.9244 109.367536    6.74556     57.951     1.2263  33.870595  0.000e+00
     57.426     7.7419    32.7088    25.5119 8.5470e-02      1.582    1479.60     51.136     4.9242 109.367536    6.74561     57.981     1.1957  33.870595  0.000e+00
     57.434     7.7421    32.7084    25.5115 8.5470e-02      1.546    1479.60     51.133     4.9240 109.367537    6.74560     57.989     1.1957  33.870352  0.000e+00
     57.474     7.7419    32.7085    25.5116 8.5470e-02      1.502    1479.60     51.131     4.9238 109.367537    6.74563     58.028     1.1652  33.870291  0.000e+00
     57.482     7.7418    32.7084    25.5115 8.5470e-02      1.473    1479.60     51.129     4.9237 109.367538    6.74565     58.036     1.1957  33.870048  0.000e+00
     57.522     7.7416    32.7080    25.5113 8.5470e-02      1.458    1479.60     51.127     4.9235 109.367538    6.74570     58.077     1.1957  33.869561  0.000e+00
     57.530     7.7413    32.7081    25.5114 8.5470e-02      1.451    1479.60     51.125     4.9233 109.367539    6.74574     58.086     1.1957  33.869379  0.000e+00
     57.558     7.7411    32.7084    25.5117 8.5470e-02      1.443    1479.60     51.123     4.9231 109.367539    6.74575     58.114     1.1957  33.869562  0.000e+00
     57.591     7.7411    32.7083    25.5115 8.5470e-02      1.443    1479.60     51.121     4.9229 109.367540    6.74576     58.146     1.1652  33.869440  0.000e+00
     57.607     7.7410    32.7084    25.5116 8.5470e-02      1.451    1479.60     51.195     4.9301 109.367540    6.74578     58.163     1.1652  33.869379  0.000e+00
     57.651     7.7402    32.7075    25.5111 8.5470e-02      1.465    1479.60     51.204     4.9311 109.367541    6.74594     58.207     1.1652  33.867920  0.000e+00
     57.662     7.7387    32.7068    25.5107 8.5470e-02      1.473    1479.59     51.135     4.9246 109.367541    6.74620     58.219     1.1957  33.865975  0.000e+00
     57.678     7.7375    32.7066    25.5107 8.5470e-02      1.458    1479.59     51.132     4.9245 109.367541    6.74640     58.235     1.1957  33.864698  0.000e+00
     57.711     7.7362    32.7073    25.5115 8.5470e-02      1.436    1479.58     51.130     4.9244 109.367542    6.74657     58.268     1.1957  33.864212  0.000e+00
     57.727     7.7354    32.7077    25.5119 8.5470e-02      1.451    1479.58     51.127     4.9241 109.367542    6.74668     58.284     1.1957  33.863908  0.000e+00
     57.758     7.7349    32.7075    25.5118 8.5470e-02      1.443    1479.58     51.124     4.9239 109.367543    6.74676     58.315     1.1957  33.863361  0.000e+00
     57.787     7.7342    32.7078    25.5121 8.5470e-02      1.443    1479.58     51.121     4.9237 109.367543    6.74686     58.345     1.1957  33.862996  0.000e+00
     57.807     7.7341    32.7078    25.5122 8.5470e-02      1.443    1479.58     51.118     4.9234 109.367544    6.74687     58.365     1.1957  33.862936  0.000e+00
     57.834     7.7334    32.7081    25.5125 8.5470e-02      1.443    1479.58     51.115     4.9232 109.367544    6.74697     58.393     1.1957  33.862571  0.000e+00
     57.843     7.7333    32.7084    25.5128 8.5470e-02      1.458    1479.58     51.112     4.9229 109.367545    6.74697     58.401     1.1652  33.862814  0.000e+00
     57.883     7.7331    32.7083    25.5127 8.5470e-02      1.473    1479.58     51.109     4.9227 109.367545    6.74700     58.442     1.1957  33.862632  0.000e+00
     57.903     7.7329    32.7085    25.5128 8.5470e-02      1.495    1479.58     51.106     4.9224 109.367546    6.74702     58.462     1.1957  33.862571  0.000e+00
     57.919     7.7326    32.7085    25.5129 8.5470e-02      1.516    1479.58     51.103     4.9222 109.367546    6.74707     58.478     1.1957  33.862328  0.000e+00
     57.952     7.7327    32.7083    25.5127 8.5470e-02      1.502    1479.58     51.100     4.9219 109.367547    6.74706     58.511     1.1652  33.862268  0.000e+00
     57.968     7.7326    32.7086    25.5130 8.5470e-02      1.473    1479.58     51.097     4.9216 109.367547    6.74706     58.527     1.1652  33.862450  0.000e+00
     58.000     7.7330    32.7082    25.5127 8.5470e-02      1.458    1479.58     51.094     4.9213 109.367548    6.74702     58.560     1.1957  33.862450  0.000e+00
     58.012     7.7327    32.7085    25.5129 8.5470e-02      1.487    1479.58     51.091     4.9210 109.367548    6.74705     58.572     1.1652  33.862511  0.000e+00
     58.052     7.7328    32.7088    25.5131 8.5470e-02      1.524    1479.58     51.088     4.9207 109.367549    6.74703     58.613     1.1652  33.862815  0.000e+00
     58.061     7.7332    32.7089    25.5132 9.7680e-02      1.524    1479.58     51.085     4.9203 109.367549    6.74695     58.621     1.1957  33.863362  0.000e+00
     58.088     7.7331    32.7092    25.5134 9.7680e-02      1.495    1479.58     51.082     4.9201 109.367550    6.74696     58.649     1.1957  33.863545  0.000e+00
     58.108     7.7331    32.7094    25.5136 9.7680e-02      1.465    1479.58     51.090     4.9208 109.367550    6.74695     58.669     1.1652  33.863727  0.000e+00
     58.137     7.7332    32.7095    25.5136 8.5470e-02      1.451    1479.58     51.088     4.9206 109.367551    6.74693     58.698     1.1652  33.863910  0.000e+00
     58.168     7.7330    32.7089    25.5132 8.5470e-02      1.480    1479.58     51.162     4.9278 109.367551    6.74699     58.729     1.1652  33.863180  0.000e+00
     58.181     7.7327    32.7079    25.5124 8.5470e-02      1.516    1479.58     51.170     4.9286 109.367552    6.74708     58.742     1.1957  33.861964  0.000e+00
     58.208     7.7315    32.7079    25.5126 8.5470e-02      1.546    1479.58     51.188     4.9305 109.367552    6.74727     58.770     1.1652  33.860931  0.000e+00
     58.228     7.7308    32.7075    25.5124 8.5470e-02      1.531    1479.57     51.131     4.9250 109.367553    6.74739     58.790     1.1957  33.860019  0.000e+00
     58.244     7.7299    32.7079    25.5129 8.5470e-02      1.509    1479.57     51.128     4.9248 109.367553    6.74751     58.806     1.1957  33.859594  0.000e+00
