ctd/data/2024/seabird/GF3.cnv
* Sea-Bird SBE 9 Data File:
* FileName = C:\CTD Brukere\UiO Kurs\Geo kurs 2024\GF3.hex
* Software Version Seasave V 7.26.7.121
* Temperature SN = 5352
* Conductivity SN = 3840
* Number of Bytes Per Scan = 38
* Number of Voltage Words = 5
* Number of Scans Averaged by the Deck Unit = 1
* NMEA Latitude = 59 52.53 N
* NMEA Longitude = 010 39.20 E
* NMEA UTC (Time) = Apr 18 2024 08:43:57
* NMEA baud rate = 4800
** Ship: R/V Trygve Braarud
** Cruise:
** Station:
** Operator:
# nquan = 15
# nvalues = 5370                                  
# units = specified
# name 0 = depSM: Depth [salt water, m]
# name 1 = t090C: Temperature [ITS-90, deg C]
# name 2 = sal00: Salinity, Practical [PSU]
# name 3 = sigma-t00: Density [sigma-t, kg/m^3 ]
# name 4 = flSP: Fluorescence, Seapoint
# name 5 = seaTurbMtr: Turbidity, Seapoint [FTU]
# name 6 = svCM: Sound Velocity [Chen-Millero, m/s]
# name 7 = sbeox0PS: Oxygen, SBE 43 [% saturation]
# name 8 = sbeox0Mg/L: Oxygen, SBE 43 [mg/l]
# name 9 = timeJ: Julian Days
# name 10 = oxsatML/L: Oxygen Saturation, Weiss [ml/l]
# name 11 = prDM: Pressure, Digiquartz [db]
# name 12 = wetStar: Fluorescence, WET Labs WETstar [mg/m^3]
# name 13 = c0mS/cm: Conductivity [mS/cm]
# name 14 = flag:  0.000e+00
# span 0 =      0.203,     77.189                 
# span 1 =     3.9665,     7.7543                 
# span 2 =    20.9048,    32.7113                 
# span 3 =    16.3779,    25.5243                 
# span 4 = 0.0000e+00, 3.9194e+00                 
# span 5 =      0.000,     29.516                 
# span 6 =    1455.55,    1479.66                 
# span 7 =     34.471,     86.746                 
# span 8 =     3.6805,     9.2688                 
# span 9 = 109.365694, 109.368284                 
# span 10 =    6.74447,    7.69722                
# span 11 =      0.205,     77.938                
# span 12 =    -0.3000,     3.0272                
# span 13 =  21.878740,  33.874180                
# span 14 = 0.0000e+00, 0.0000e+00                
# interval = seconds: 0.0416667
# start_time = Apr 18 2024 08:46:36 [System UTC, first data scan.]
# bad_flag = -9.990e-29
*END*
[from data line 3374]
     47.014     7.7519    32.6892    25.4950 9.7680e-02      1.524    1479.44     50.887     4.8999 109.367322    6.74492     47.467     1.2263  33.856393  0.000e+00
     47.042     7.7522    32.6889    25.4948 9.7680e-02      1.516    1479.45     50.897     4.9007 109.367322    6.74489     47.495     1.2263  33.856393  0.000e+00
     47.052     7.7522    32.6891    25.4949 9.7680e-02      1.509    1479.45     50.906     4.9017 109.367323    6.74488     47.505     1.2263  33.856576  0.000e+00
     47.088     7.7522    32.6886    25.4945 9.7680e-02      1.495    1479.45     50.906     4.9017 109.367323    6.74489     47.541     1.2263  33.856211  0.000e+00
     47.115     7.7522    32.6890    25.4948 9.7680e-02      1.487    1479.45     50.906     4.9017 109.367323    6.74489     47.569     1.2263  33.856515  0.000e+00
     47.123     7.7524    32.6886    25.4945 9.7680e-02      1.487    1479.45     50.907     4.9017 109.367324    6.74487     47.577     1.2263  33.856333  0.000e+00
     47.151     7.7523    32.6889    25.4947 8.5470e-02      1.531    1479.45     50.908     4.9018 109.367324    6.74487     47.605     1.1957  33.856576  0.000e+00
     47.159     7.7523    32.6888    25.4946 8.5470e-02      1.546    1479.45     50.921     4.9030 109.367325    6.74487     47.613     1.2263  33.856454  0.000e+00
     47.211     7.7524    32.6888    25.4947 8.5470e-02      1.524    1479.45     50.923     4.9033 109.367325    6.74486     47.665     1.1957  33.856576  0.000e+00
     47.219     7.7525    32.6889    25.4947 8.5470e-02      1.502    1479.45     50.926     4.9035 109.367326    6.74484     47.674     1.1957  33.856698  0.000e+00
     47.247     7.7523    32.6892    25.4950 8.5470e-02      1.487    1479.45     50.929     4.9038 109.367326    6.74485     47.702     1.2263  33.856880  0.000e+00
     47.268     7.7527    32.6897    25.4953 9.7680e-02      1.487    1479.45     50.933     4.9041 109.367327    6.74477     47.723     1.2263  33.857731  0.000e+00
     47.283     7.7531    32.6898    25.4953 8.5470e-02      1.502    1479.45     50.937     4.9045 109.367327    6.74470     47.738     1.2263  33.858157  0.000e+00
     47.304     7.7533    32.6898    25.4953 8.5470e-02      1.480    1479.46     50.942     4.9049 109.367328    6.74468     47.759     1.1957  33.858339  0.000e+00
     47.343     7.7535    32.6898    25.4952 8.5470e-02      1.458    1479.46     50.947     4.9054 109.367328    6.74464     47.798     1.1957  33.858522  0.000e+00
     47.352     7.7539    32.6897    25.4951 8.5470e-02      1.465    1479.46     50.952     4.9058 109.367329    6.74458     47.808     1.1957  33.858765  0.000e+00
     47.378     7.7541    32.6896    25.4951 8.5470e-02      1.473    1479.46     50.958     4.9064 109.367329    6.74456     47.834     1.1957  33.858887  0.000e+00
     47.400     7.7540    32.6902    25.4955 8.5470e-02      1.458    1479.46     50.964     4.9070 109.367330    6.74455     47.856     1.1957  33.859312  0.000e+00
     47.416     7.7541    32.6900    25.4953 8.5470e-02      1.451    1479.46     50.971     4.9077 109.367330    6.74455     47.872     1.1957  33.859252  0.000e+00
     47.460     7.7542    32.6900    25.4953 8.5470e-02      1.451    1479.46     50.902     4.9010 109.367331    6.74452     47.916     1.1957  33.859373  0.000e+00
     47.463     7.7543    32.6901    25.4954 8.5470e-02      1.443    1479.46     50.900     4.9007 109.367331    6.74450     47.920     1.1957  33.859556  0.000e+00
     47.495     7.7541    32.6905    25.4957 8.5470e-02      1.436    1479.46     50.974     4.9079 109.367332    6.74452     47.953     1.1957  33.859738  0.000e+00
     47.512     7.7539    32.6909    25.4961 8.5470e-02      1.436    1479.46     50.984     4.9089 109.367332    6.74453     47.969     1.1957  33.859981  0.000e+00
     47.533     7.7538    32.6908    25.4960 8.5470e-02      1.451    1479.46     50.918     4.9025 109.367333    6.74455     47.990     1.1957  33.859860  0.000e+00
     47.559     7.7539    32.6904    25.4957 8.5470e-02      1.443    1479.46     50.983     4.9088 109.367333    6.74455     48.017     1.1957  33.859556  0.000e+00
     47.580     7.7538    32.6906    25.4959 8.5470e-02      1.436    1479.46     50.906     4.9014 109.367334    6.74456     48.038     1.1957  33.859678  0.000e+00
     47.607     7.7538    32.6910    25.4962 8.5470e-02      1.436    1479.46     50.896     4.9004 109.367334    6.74455     48.066     1.1957  33.859982  0.000e+00
     47.616     7.7538    32.6912    25.4963 8.5470e-02      1.443    1479.46     50.897     4.9005 109.367335    6.74454     48.074     1.2263  33.860164  0.000e+00
     47.656     7.7537    32.6914    25.4965 8.5470e-02      1.458    1479.46     50.975     4.9080 109.367335    6.74455     48.115     1.2263  33.860347  0.000e+00
     47.664     7.7538    32.6914    25.4965 8.5470e-02      1.465    1479.47     50.912     4.9019 109.367336    6.74453     48.123     1.1957  33.860408  0.000e+00
     47.703     7.7536    32.6913    25.4964 8.5470e-02      1.465    1479.46     50.904     4.9012 109.367336    6.74457     48.163     1.1957  33.860165  0.000e+00
     47.713     7.7538    32.6915    25.4965 8.5470e-02      1.465    1479.47     50.896     4.9004 109.367337    6.74452     48.172     1.1957  33.860529  0.000e+00
     47.739     7.7538    32.6914    25.4965 8.5470e-02      1.509    1479.47     50.889     4.8998 109.367337    6.74453     48.199     1.2263  33.860469  0.000e+00
     47.785     7.7536    32.6921    25.4971 8.5470e-02      1.516    1479.47     50.883     4.8992 109.367337    6.74453     48.245     1.1957  33.860955  0.000e+00
     47.788     7.7540    32.6918    25.4968 8.5470e-02      1.495    1479.47     50.877     4.8985 109.367338    6.74448     48.248     1.1957  33.861016  0.000e+00
     47.820     7.7539    32.6923    25.4972 8.5470e-02      1.473    1479.47     50.871     4.8980 109.367338    6.74447     48.281     1.1957  33.861442  0.000e+00
     47.837     7.7539    32.6922    25.4971 8.5470e-02      1.451    1479.47     50.866     4.8975 109.367339    6.74447     48.297     1.1957  33.861381  0.000e+00
     47.869     7.7535    32.6927    25.4976 8.5470e-02      1.458    1479.47     50.872     4.8981 109.367339    6.74451     48.330     1.1957  33.861503  0.000e+00
     47.897     7.7538    32.6921    25.4970 8.5470e-02      1.465    1479.47     50.869     4.8977 109.367340    6.74450     48.358     1.1957  33.861138  0.000e+00
     47.908     7.7538    32.6924    25.4973 8.5470e-02      1.473    1479.47     50.865     4.8974 109.367340    6.74449     48.369     1.1957  33.861442  0.000e+00
     47.929     7.7535    32.6929    25.4977 8.5470e-02      1.473    1479.47     50.862     4.8971 109.367341    6.74451     48.391     1.1957  33.861685  0.000e+00
     47.968     7.7536    32.6928    25.4976 8.5470e-02      1.465    1479.47     50.860     4.8969 109.367341    6.74450     48.430     1.1957  33.861625  0.000e+00
     47.989     7.7534    32.6924    25.4973 8.5470e-02      1.487    1479.47     50.781     4.8894 109.367342    6.74454     48.451     1.1957  33.861138  0.000e+00
     48.004     7.7527    32.6929    25.4978 8.5470e-02      1.509    1479.47     50.846     4.8956 109.367342    6.74463     48.466     1.1957  33.861017  0.000e+00
     48.038     7.7526    32.6927    25.4977 8.5470e-02      1.487    1479.47     50.845     4.8956 109.367343    6.74465     48.500     1.1957  33.860774  0.000e+00
     48.064     7.7519    32.6935    25.4984 1.0989e-01      1.465    1479.47     50.845     4.8956 109.367343    6.74473     48.527     1.1957  33.860895  0.000e+00
     48.085     7.7518    32.6937    25.4986 1.0989e-01      1.465    1479.47     50.845     4.8956 109.367344    6.74474     48.548     1.1957  33.861017  0.000e+00
     48.113     7.7517    32.6936    25.4985 1.0989e-01      1.480    1479.47     50.769     4.8884 109.367344    6.74476     48.576     1.1957  33.860835  0.000e+00
     48.136     7.7514    32.6937    25.4986 9.7680e-02      1.502    1479.47     50.760     4.8875 109.367345    6.74480     48.599     1.1957  33.860713  0.000e+00
     48.158     7.7515    32.6938    25.4987 9.7680e-02      1.502    1479.47     50.752     4.8867 109.367345    6.74478     48.622     1.2263  33.860896  0.000e+00
     48.184     7.7515    32.6939    25.4988 9.7680e-02      1.487    1479.47     50.744     4.8860 109.367346    6.74477     48.648     1.2263  33.861018  0.000e+00
     48.205     7.7511    32.6940    25.4989 9.7680e-02      1.458    1479.47     50.738     4.8854 109.367346    6.74483     48.669     1.1957  33.860774  0.000e+00
     48.233     7.7512    32.6936    25.4986 8.5470e-02      1.451    1479.47     50.732     4.8848 109.367347    6.74483     48.697     1.1957  33.860471  0.000e+00
     48.254     7.7512    32.6943    25.4991 8.5470e-02      1.451    1479.47     50.727     4.8844 109.367347    6.74480     48.719     1.1652  33.861079  0.000e+00
     48.293     7.7513    32.6945    25.4993 8.5470e-02      1.451    1479.47     50.724     4.8840 109.367348    6.74479     48.758     1.1957  33.861383  0.000e+00
     48.305     7.7512    32.6942    25.4991 8.5470e-02      1.443    1479.47     50.721     4.8837 109.367348    6.74481     48.770     1.1957  33.861079  0.000e+00
     48.326     7.7507    32.6946    25.4994 8.5470e-02      1.436    1479.47     50.719     4.8836 109.367349    6.74487     48.791     1.1957  33.861018  0.000e+00
     48.353     7.7508    32.6943    25.4992 8.5470e-02      1.436    1479.47     50.717     4.8834 109.367349    6.74487     48.819     1.1957  33.860775  0.000e+00
     48.386     7.7507    32.6943    25.4992 8.5470e-02      1.436    1479.47     50.717     4.8834 109.367350    6.74488     48.852     1.1652  33.860714  0.000e+00
     48.400     7.7506    32.6944    25.4993 8.5470e-02      1.509    1479.47     50.718     4.8835 109.367350    6.74490     48.866     1.1957  33.860714  0.000e+00
     48.434     7.7510    32.6942    25.4991 8.5470e-02      1.575    1479.47     50.719     4.8836 109.367351    6.74485     48.901     1.1957  33.860897  0.000e+00
     48.460     7.7507    32.6946    25.4995 8.5470e-02      1.582    1479.47     50.722     4.8839 109.367351    6.74487     48.927     1.1957  33.861079  0.000e+00
     48.473     7.7506    32.6949    25.4997 8.5470e-02      1.575    1479.47     50.725     4.8842 109.367351    6.74487     48.940     1.1957  33.861262  0.000e+00
     48.506     7.7506    32.6947    25.4996 8.5470e-02      1.612    1479.47     50.729     4.8846 109.367352    6.74488     48.973     1.1957  33.861079  0.000e+00
     48.534     7.7510    32.6942    25.4991 8.5470e-02      1.612    1479.47     50.734     4.8850 109.367352    6.74484     49.001     1.1957  33.861019  0.000e+00
     48.519     7.7506    32.6951    25.4998 8.5470e-02      1.590    1479.47     50.664     4.8783 109.367353    6.74486     48.986     1.1957  33.861444  0.000e+00
     48.616     7.7509    32.6947    25.4995 8.5470e-02      1.560    1479.47     50.737     4.8853 109.367353    6.74484     49.085     1.1957  33.861384  0.000e+00
     48.605     7.7509    32.6950    25.4997 8.5470e-02      1.546    1479.47     50.745     4.8861 109.367354    6.74483     49.073     1.1957  33.861627  0.000e+00
     48.639     7.7508    32.6951    25.4998 8.5470e-02      1.538    1479.47     50.667     4.8785 109.367354    6.74484     49.108     1.1957  33.861627  0.000e+00
     48.654     7.7507    32.6949    25.4996 8.5470e-02      1.531    1479.47     50.731     4.8847 109.367355    6.74486     49.122     1.1957  33.861384  0.000e+00
     48.690     7.7506    32.6947    25.4995 8.5470e-02      1.524    1479.47     50.665     4.8784 109.367355    6.74489     49.158     1.1957  33.861080  0.000e+00
     48.711     7.7505    32.6949    25.4997 8.5470e-02      1.516    1479.47     50.666     4.8785 109.367356    6.74489     49.180     1.1957  33.861202  0.000e+00
     48.737     7.7504    32.6950    25.4998 9.7680e-02      1.502    1479.47     50.657     4.8777 109.367356    6.74490     49.206     1.1957  33.861323  0.000e+00
     48.746     7.7503    32.6951    25.4999 8.5470e-02      1.473    1479.47     50.661     4.8780 109.367357    6.74491     49.216     1.1957  33.861323  0.000e+00
     48.785     7.7507    32.6948    25.4996 8.5470e-02      1.465    1479.48     50.654     4.8773 109.367357    6.74486     49.255     1.1957  33.861384  0.000e+00
     48.810     7.7506    32.6951    25.4999 8.5470e-02      1.473    1479.48     50.649     4.8768 109.367358    6.74487     49.280     1.1957  33.861567  0.000e+00
     48.831     7.7503    32.6954    25.5001 8.5470e-02      1.473    1479.48     50.644     4.8764 109.367358    6.74489     49.301     1.1957  33.861628  0.000e+00
     48.857     7.7504    32.6953    25.5000 8.5470e-02      1.480    1479.48     50.651     4.8771 109.367359    6.74488     49.327     1.1957  33.861628  0.000e+00
     48.881     7.7502    32.6952    25.5000 8.5470e-02      1.480    1479.48     50.649     4.8769 109.367359    6.74492     49.352     1.1957  33.861385  0.000e+00
     48.915     7.7506    32.6955    25.5001 8.5470e-02      1.487    1479.48     50.647     4.8766 109.367360    6.74484     49.386     1.1957  33.861993  0.000e+00
     48.930     7.7504    32.6957    25.5003 8.5470e-02      1.487    1479.48     50.646     4.8766 109.367360    6.74487     49.401     1.1957  33.861993  0.000e+00
     48.954     7.7502    32.6958    25.5005 8.5470e-02      1.473    1479.48     50.646     4.8766 109.367361    6.74489     49.426     1.1957  33.861993  0.000e+00
     48.987     7.7503    32.6959    25.5005 8.5470e-02      1.465    1479.48     50.647     4.8767 109.367361    6.74487     49.459     1.1957  33.862175  0.000e+00
     49.002     7.7501    32.6962    25.5008 8.5470e-02      1.473    1479.48     50.649     4.8769 109.367362    6.74490     49.473     1.1957  33.862236  0.000e+00
     49.037     7.7504    32.6956    25.5003 8.5470e-02      1.473    1479.48     50.652     4.8772 109.367362    6.74487     49.509     1.1957  33.861993  0.000e+00
     49.047     7.7501    32.6960    25.5006 8.5470e-02      1.487    1479.48     50.656     4.8775 109.367363    6.74490     49.519     1.1957  33.862115  0.000e+00
     49.086     7.7504    32.6961    25.5006 8.5470e-02      1.480    1479.48     50.661     4.8780 109.367363    6.74485     49.559     1.1957  33.862419  0.000e+00
     49.096     7.7501    32.6961    25.5007 8.5470e-02      1.458    1479.48     50.666     4.8785 109.367364    6.74490     49.569     1.1957  33.862176  0.000e+00
     49.135     7.7501    32.6961    25.5007 8.5470e-02      1.436    1479.48     50.596     4.8718 109.367364    6.74490     49.608     1.1957  33.862176  0.000e+00
     49.158     7.7499    32.6968    25.5013 8.5470e-02      1.458    1479.48     50.593     4.8715 109.367364    6.74490     49.631     1.1957  33.862723  0.000e+00
     49.167     7.7501    32.6965    25.5010 8.5470e-02      1.516    1479.48     50.668     4.8787 109.367365    6.74488     49.641     1.1957  33.862602  0.000e+00
     49.231     7.7501    32.6964    25.5010 8.5470e-02      1.531    1479.48     50.591     4.8713 109.367365    6.74489     49.705     1.1957  33.862541  0.000e+00
     49.231     7.7499    32.6966    25.5011 8.5470e-02      1.509    1479.48     50.667     4.8786 109.367366    6.74491     49.705     1.1957  33.862541  0.000e+00
     49.255     7.7498    32.6964    25.5010 8.5470e-02      1.502    1479.48     50.602     4.8724 109.367366    6.74493     49.729     1.1957  33.862298  0.000e+00
     49.265     7.7499    32.6964    25.5009 8.5470e-02      1.502    1479.48     50.605     4.8726 109.367367    6.74492     49.739     1.1957  33.862359  0.000e+00
