ctd/data/2024/seabird/GF3.cnv
* Sea-Bird SBE 9 Data File:
* FileName = C:\CTD Brukere\UiO Kurs\Geo kurs 2024\GF3.hex
* Software Version Seasave V 7.26.7.121
* Temperature SN = 5352
* Conductivity SN = 3840
* Number of Bytes Per Scan = 38
* Number of Voltage Words = 5
* Number of Scans Averaged by the Deck Unit = 1
* NMEA Latitude = 59 52.53 N
* NMEA Longitude = 010 39.20 E
* NMEA UTC (Time) = Apr 18 2024 08:43:57
* NMEA baud rate = 4800
** Ship: R/V Trygve Braarud
** Cruise:
** Station:
** Operator:
# nquan = 15
# nvalues = 5370                                  
# units = specified
# name 0 = depSM: Depth [salt water, m]
# name 1 = t090C: Temperature [ITS-90, deg C]
# name 2 = sal00: Salinity, Practical [PSU]
# name 3 = sigma-t00: Density [sigma-t, kg/m^3 ]
# name 4 = flSP: Fluorescence, Seapoint
# name 5 = seaTurbMtr: Turbidity, Seapoint [FTU]
# name 6 = svCM: Sound Velocity [Chen-Millero, m/s]
# name 7 = sbeox0PS: Oxygen, SBE 43 [% saturation]
# name 8 = sbeox0Mg/L: Oxygen, SBE 43 [mg/l]
# name 9 = timeJ: Julian Days
# name 10 = oxsatML/L: Oxygen Saturation, Weiss [ml/l]
# name 11 = prDM: Pressure, Digiquartz [db]
# name 12 = wetStar: Fluorescence, WET Labs WETstar [mg/m^3]
# name 13 = c0mS/cm: Conductivity [mS/cm]
# name 14 = flag:  0.000e+00
# span 0 =      0.203,     77.189                 
# span 1 =     3.9665,     7.7543                 
# span 2 =    20.9048,    32.7113                 
# span 3 =    16.3779,    25.5243                 
# span 4 = 0.0000e+00, 3.9194e+00                 
# span 5 =      0.000,     29.516                 
# span 6 =    1455.55,    1479.66                 
# span 7 =     34.471,     86.746                 
# span 8 =     3.6805,     9.2688                 
# span 9 = 109.365694, 109.368284                 
# span 10 =    6.74447,    7.69722                
# span 11 =      0.205,     77.938                
# span 12 =    -0.3000,     3.0272                
# span 13 =  21.878740,  33.874180                
# span 14 = 0.0000e+00, 0.0000e+00                
# interval = seconds: 0.0416667
# start_time = Apr 18 2024 08:46:36 [System UTC, first data scan.]
# bad_flag = -9.990e-29
*END*
[from data line 2699]
     32.222     7.1636    32.2303    25.2157 1.5873e-01      1.231    1476.36     51.033     4.9953 109.366996    6.85773     32.531     1.3484  32.913952  0.000e+00
     32.246     7.1644    32.2319    25.2169 1.4652e-01      1.223    1476.37     51.049     4.9968 109.366997    6.85754     32.555     1.3484  32.916117  0.000e+00
     32.270     7.1654    32.2329    25.2175 1.4652e-01      1.223    1476.37     51.051     4.9968 109.366997    6.85733     32.580     1.3484  32.917921  0.000e+00
     32.295     7.1663    32.2339    25.2181 1.3431e-01      1.223    1476.38     51.050     4.9966 109.366997    6.85714     32.604     1.3484  32.919605  0.000e+00
     32.318     7.1673    32.2358    25.2195 1.2210e-01      1.223    1476.39     51.134     5.0046 109.366998    6.85690     32.627     1.3178  32.922192  0.000e+00
     32.342     7.1684    32.2375    25.2207 1.2210e-01      1.231    1476.39     51.149     5.0059 109.366998    6.85664     32.652     1.3178  32.924778  0.000e+00
     32.366     7.1697    32.2400    25.2225 1.2210e-01      1.267    1476.40     51.161     5.0069 109.366999    6.85633     32.677     1.3178  32.928146  0.000e+00
     32.391     7.1711    32.2431    25.2248 1.2210e-01      1.289    1476.41     51.181     5.0086 109.366999    6.85596     32.701     1.3178  32.932297  0.000e+00
     32.402     7.1732    32.2482    25.2285 1.2210e-01      1.297    1476.42     51.187     5.0087 109.367000    6.85541     32.713     1.3178  32.938733  0.000e+00
     32.451     7.1761    32.2523    25.2313 1.0989e-01      1.289    1476.44     51.266     5.0160 109.367000    6.85477     32.762     1.3484  32.944990  0.000e+00
     32.451     7.1785    32.2542    25.2325 1.0989e-01      1.267    1476.45     51.276     5.0166 109.367001    6.85429     32.762     1.3484  32.948900  0.000e+00
     32.486     7.1802    32.2557    25.2335 1.0989e-01      1.267    1476.46     51.294     5.0181 109.367001    6.85395     32.798     1.3178  32.951788  0.000e+00
     32.498     7.1821    32.2574    25.2345 1.2210e-01      1.275    1476.47     51.308     5.0192 109.367002    6.85357     32.809     1.3178  32.954977  0.000e+00
     32.533     7.1831    32.2618    25.2378 1.2210e-01      1.260    1476.48     51.396     5.0276 109.367002    6.85322     32.845     1.3178  32.959851  0.000e+00
     32.546     7.1855    32.2667    25.2414 1.2210e-01      1.231    1476.50     51.415     5.0290 109.367003    6.85262     32.858     1.3178  32.966409  0.000e+00
     32.582     7.1886    32.2719    25.2451 1.0989e-01      1.209    1476.52     51.429     5.0299 109.367003    6.85189     32.894     1.3178  32.973992  0.000e+00
     32.593     7.1920    32.2753    25.2473 1.0989e-01      1.201    1476.53     51.440     5.0304 109.367004    6.85120     32.906     1.3178  32.980010  0.000e+00
     32.618     7.1947    32.2769    25.2482 1.0989e-01      1.209    1476.55     51.448     5.0308 109.367004    6.85070     32.930     1.3178  32.983862  0.000e+00
     32.653     7.1968    32.2797    25.2501 1.2210e-01      1.231    1476.56     51.452     5.0309 109.367005    6.85024     32.967     1.3178  32.988195  0.000e+00
     32.666     7.1989    32.2830    25.2524 1.2210e-01      1.238    1476.57     51.529     5.0380 109.367005    6.84977     32.980     1.3178  32.993071  0.000e+00
     32.689     7.2006    32.2849    25.2537 1.0989e-01      1.238    1476.58     51.547     5.0396 109.367006    6.84940     33.003     1.3178  32.996322  0.000e+00
     32.713     7.2019    32.2864    25.2547 1.0989e-01      1.238    1476.59     51.562     5.0409 109.367006    6.84913     33.027     1.3178  32.998850  0.000e+00
     32.749     7.2029    32.2879    25.2557 9.7680e-02      1.245    1476.60     51.650     5.0493 109.367007    6.84890     33.063     1.3178  33.001077  0.000e+00
     32.762     7.2045    32.2898    25.2570 9.7680e-02      1.267    1476.60     51.668     5.0508 109.367007    6.84857     33.076     1.3484  33.004208  0.000e+00
     32.798     7.2059    32.2917    25.2583 1.2210e-01      1.267    1476.61     51.683     5.0520 109.367008    6.84826     33.112     1.3484  33.007218  0.000e+00
     32.798     7.2072    32.2938    25.2597 1.7094e-01      1.260    1476.62     51.692     5.0527 109.367008    6.84797     33.112     1.3178  33.010168  0.000e+00
     32.847     7.2086    32.2959    25.2612 1.7094e-01      1.253    1476.63     51.699     5.0531 109.367009    6.84764     33.161     1.3178  33.013419  0.000e+00
     32.858     7.2099    32.2978    25.2625 1.5873e-01      1.238    1476.64     51.777     5.0605 109.367009    6.84735     33.173     1.3178  33.016249  0.000e+00
     32.884     7.2113    32.2984    25.2628 1.3431e-01      1.223    1476.64     51.785     5.0611 109.367010    6.84710     33.199     1.3178  33.018055  0.000e+00
     32.907     7.2118    32.2993    25.2635 1.2210e-01      1.216    1476.65     51.789     5.0614 109.367010    6.84698     33.222     1.3178  33.019380  0.000e+00
     32.929     7.2128    32.3005    25.2643 1.0989e-01      1.223    1476.65     51.876     5.0697 109.367011    6.84677     33.245     1.3178  33.021247  0.000e+00
     32.954     7.2135    32.3027    25.2660 1.0989e-01      1.231    1476.66     51.893     5.0712 109.367011    6.84655     33.270     1.3178  33.024017  0.000e+00
     32.978     7.2151    32.3052    25.2677 1.2210e-01      1.238    1476.67     51.905     5.0722 109.367011    6.84619     33.294     1.3178  33.027690  0.000e+00
     33.002     7.2166    32.3067    25.2686 1.2210e-01      1.223    1476.68     51.989     5.0802 109.367012    6.84589     33.319     1.3178  33.030279  0.000e+00
     33.014     7.2177    32.3077    25.2692 1.2210e-01      1.223    1476.68     52.003     5.0813 109.367012    6.84567     33.330     1.3178  33.032146  0.000e+00
     33.062     7.2186    32.3084    25.2697 1.0989e-01      1.238    1476.69     52.011     5.0821 109.367013    6.84549     33.379     1.3178  33.033712  0.000e+00
     33.074     7.2194    32.3094    25.2704 1.0989e-01      1.238    1476.69     52.026     5.0834 109.367013    6.84532     33.391     1.3178  33.035278  0.000e+00
     33.085     7.2201    32.3106    25.2713 1.0989e-01      1.231    1476.70     52.025     5.0832 109.367014    6.84515     33.402     1.3178  33.037024  0.000e+00
     33.122     7.2207    32.3116    25.2719 1.0989e-01      1.238    1476.70     52.096     5.0900 109.367014    6.84502     33.440     1.3178  33.038410  0.000e+00
     33.145     7.2217    32.3134    25.2732 1.2210e-01      1.253    1476.71     52.107     5.0909 109.367015    6.84478     33.463     1.3178  33.040939  0.000e+00
     33.158     7.2222    32.3162    25.2753 1.5873e-01      1.275    1476.71     52.190     5.0988 109.367015    6.84458     33.476     1.3178  33.043951  0.000e+00
     33.194     7.2239    32.3185    25.2770 1.7094e-01      1.267    1476.72     52.201     5.0996 109.367016    6.84420     33.512     1.2873  33.047625  0.000e+00
     33.205     7.2257    32.3216    25.2792 1.5873e-01      1.282    1476.73     52.207     5.0999 109.367016    6.84378     33.524     1.3178  33.052022  0.000e+00
     33.229     7.2274    32.3251    25.2817 1.4652e-01      1.289    1476.74     52.207     5.0996 109.367017    6.84334     33.548     1.2873  33.056781  0.000e+00
     33.265     7.2298    32.3274    25.2831 1.4652e-01      1.297    1476.76     52.290     5.1073 109.367017    6.84287     33.584     1.2873  33.060937  0.000e+00
     33.278     7.2323    32.3284    25.2836 1.2210e-01      1.289    1476.77     52.301     5.1081 109.367018    6.84244     33.597     1.3178  33.063949  0.000e+00
     33.303     7.2335    32.3292    25.2841 1.2210e-01      1.282    1476.77     52.308     5.1086 109.367018    6.84221     33.622     1.3178  33.065756  0.000e+00
     33.325     7.2345    32.3299    25.2844 1.2210e-01      1.289    1476.78     52.385     5.1160 109.367019    6.84202     33.645     1.2873  33.067263  0.000e+00
     33.350     7.2352    32.3298    25.2843 1.2210e-01      1.289    1476.78     52.402     5.1176 109.367019    6.84190     33.669     1.3178  33.067865  0.000e+00
     33.374     7.2356    32.3300    25.2844 1.3431e-01      1.275    1476.79     52.414     5.1187 109.367020    6.84183     33.694     1.3178  33.068407  0.000e+00
     33.385     7.2359    32.3311    25.2852 1.4652e-01      1.282    1476.79     52.497     5.1267 109.367020    6.84173     33.705     1.3178  33.069673  0.000e+00
     33.410     7.2374    32.3339    25.2872 1.4652e-01      1.289    1476.80     52.508     5.1276 109.367021    6.84138     33.730     1.3178  33.073468  0.000e+00
     33.434     7.2405    32.3350    25.2877 1.2210e-01      1.289    1476.81     52.514     5.1277 109.367021    6.84082     33.755     1.3178  33.077324  0.000e+00
     33.458     7.2432    32.3357    25.2878 1.2210e-01      1.275    1476.82     52.524     5.1284 109.367022    6.84037     33.779     1.2873  33.080216  0.000e+00
     33.481     7.2455    32.3353    25.2872 1.2210e-01      1.275    1476.83     52.606     5.1361 109.367022    6.84002     33.802     1.2873  33.081843  0.000e+00
     33.505     7.2469    32.3353    25.2870 1.0989e-01      1.289    1476.84     52.616     5.1369 109.367023    6.83979     33.827     1.2873  33.083108  0.000e+00
     33.518     7.2477    32.3353    25.2870 1.0989e-01      1.282    1476.84     52.621     5.1373 109.367023    6.83967     33.840     1.2873  33.083831  0.000e+00
     33.543     7.2483    32.3359    25.2873 1.2210e-01      1.267    1476.84     52.620     5.1371 109.367024    6.83954     33.864     1.3178  33.084916  0.000e+00
     33.578     7.2491    32.3357    25.2870 1.0989e-01      1.238    1476.85     52.700     5.1448 109.367024    6.83942     33.900     1.3178  33.085398  0.000e+00
     33.590     7.2500    32.3355    25.2868 1.0989e-01      1.231    1476.85     52.709     5.1456 109.367024    6.83930     33.912     1.3178  33.085941  0.000e+00
     33.614     7.2507    32.3352    25.2865 9.7680e-02      1.260    1476.85     52.789     5.1533 109.367025    6.83920     33.936     1.2873  33.086302  0.000e+00
     33.638     7.2517    32.3355    25.2866 9.7680e-02      1.297    1476.86     52.720     5.1465 109.367025    6.83902     33.961     1.3178  33.087507  0.000e+00
     33.661     7.2528    32.3362    25.2869 9.7680e-02      1.311    1476.86     52.799     5.1540 109.367026    6.83882     33.984     1.3178  33.089074  0.000e+00
     33.685     7.2533    32.3361    25.2868 9.7680e-02      1.319    1476.87     52.806     5.1547 109.367026    6.83875     34.009     1.3178  33.089436  0.000e+00
     33.710     7.2534    32.3360    25.2867 9.7680e-02      1.311    1476.87     52.884     5.1623 109.367027    6.83873     34.033     1.3178  33.089436  0.000e+00
     33.734     7.2538    32.3361    25.2867 9.7680e-02      1.282    1476.87     52.890     5.1628 109.367027    6.83867     34.058     1.3178  33.089858  0.000e+00
     33.759     7.2548    32.3363    25.2868 1.0989e-01      1.253    1476.87     52.890     5.1627 109.367028    6.83850     34.082     1.2873  33.090942  0.000e+00
     33.781     7.2560    32.3396    25.2892 1.0989e-01      1.238    1476.88     52.883     5.1617 109.367028    6.83816     34.105     1.2873  33.095040  0.000e+00
     33.794     7.2611    32.3443    25.2922 1.0989e-01      1.238    1476.91     52.880     5.1607 109.367029    6.83714     34.118     1.2873  33.103839  0.000e+00
     33.830     7.2673    32.3491    25.2951 9.7680e-02      1.231    1476.94     52.948     5.1664 109.367029    6.83594     34.154     1.3178  33.113603  0.000e+00
     33.854     7.2718    32.3509    25.2959 9.7680e-02      1.231    1476.96     52.944     5.1655 109.367030    6.83514     34.179     1.3178  33.119209  0.000e+00
     33.877     7.2752    32.3508    25.2954 1.3431e-01      1.231    1476.97     53.022     5.1727 109.367030    6.83462     34.202     1.3178  33.121982  0.000e+00
     33.901     7.2770    32.3506    25.2950 1.4652e-01      1.245    1476.98     53.028     5.1731 109.367031    6.83435     34.226     1.3178  33.123308  0.000e+00
     33.927     7.2789    32.3508    25.2949 1.3431e-01      1.245    1476.99     53.105     5.1803 109.367031    6.83403     34.253     1.2873  33.125177  0.000e+00
     33.950     7.2813    32.3518    25.2954 1.2210e-01      1.238    1477.00     53.032     5.1729 109.367032    6.83361     34.276     1.2873  33.128191  0.000e+00
     33.961     7.2831    32.3525    25.2956 1.0989e-01      1.245    1477.01     53.095     5.1788 109.367032    6.83329     34.287     1.2873  33.130362  0.000e+00
     33.986     7.2843    32.3538    25.2965 1.0989e-01      1.260    1477.01     53.097     5.1788 109.367033    6.83303     34.312     1.3178  33.132653  0.000e+00
     34.021     7.2864    32.3545    25.2968 9.7680e-02      1.267    1477.02     53.170     5.1856 109.367033    6.83267     34.348     1.2873  33.135185  0.000e+00
     34.033     7.2878    32.3560    25.2978 1.0989e-01      1.282    1477.03     53.169     5.1853 109.367034    6.83238     34.359     1.2873  33.137778  0.000e+00
     34.057     7.2891    32.3567    25.2981 1.2210e-01      1.311    1477.04     53.174     5.1856 109.367034    6.83215     34.384     1.2873  33.139526  0.000e+00
     34.083     7.2907    32.3571    25.2982 1.2210e-01      1.341    1477.04     53.172     5.1852 109.367035    6.83188     34.410     1.2568  33.141275  0.000e+00
     34.117     7.2918    32.3587    25.2993 1.2210e-01      1.363    1477.05     53.164     5.1842 109.367035    6.83163     34.444     1.2873  33.143747  0.000e+00
     34.130     7.2937    32.3635    25.3028 1.0989e-01      1.370    1477.06     53.237     5.1910 109.367036    6.83112     34.458     1.3178  33.149777  0.000e+00
     34.153     7.2973    32.3706    25.3079 1.0989e-01      1.348    1477.09     53.238     5.1904 109.367036    6.83024     34.480     1.2873  33.159426  0.000e+00
     34.177     7.3013    32.3773    25.3127 9.7680e-02      1.326    1477.11     53.232     5.1891 109.367037    6.82931     34.505     1.2873  33.169137  0.000e+00
     34.202     7.3035    32.3804    25.3148 1.0989e-01      1.319    1477.12     53.220     5.1876 109.367037    6.82881     34.530     1.2873  33.173962  0.000e+00
     34.226     7.3046    32.3825    25.3163 1.0989e-01      1.304    1477.13     53.279     5.1932 109.367038    6.82855     34.554     1.2873  33.176797  0.000e+00
     34.250     7.3052    32.3834    25.3170 9.7680e-02      1.311    1477.14     53.277     5.1928 109.367038    6.82842     34.579     1.2873  33.178185  0.000e+00
     34.262     7.3056    32.3840    25.3174 1.0989e-01      1.311    1477.14     53.268     5.1919 109.367038    6.82833     34.590     1.2873  33.179090  0.000e+00
     34.297     7.3059    32.3841    25.3174 9.7680e-02      1.304    1477.14     53.265     5.1916 109.367039    6.82827     34.626     1.2873  33.179512  0.000e+00
     34.322     7.3059    32.3852    25.3183 9.7680e-02      1.304    1477.14     53.332     5.1981 109.367039    6.82822     34.651     1.2873  33.180538  0.000e+00
     34.333     7.3061    32.3867    25.3194 9.7680e-02      1.311    1477.14     53.327     5.1975 109.367040    6.82813     34.662     1.2873  33.181985  0.000e+00
     34.370     7.3064    32.3870    25.3196 9.7680e-02      1.311    1477.15     53.316     5.1964 109.367040    6.82806     34.700     1.2873  33.182589  0.000e+00
     34.382     7.3062    32.3862    25.3190 9.7680e-02      1.289    1477.15     53.310     5.1958 109.367041    6.82813     34.711     1.2873  33.181744  0.000e+00
     34.406     7.3054    32.3861    25.3190 9.7680e-02      1.275    1477.14     53.374     5.2022 109.367041    6.82826     34.736     1.2873  33.180960  0.000e+00
     34.442     7.3054    32.3860    25.3189 9.7680e-02      1.267    1477.14     53.367     5.2015 109.367042    6.82827     34.772     1.2568  33.180840  0.000e+00
