ctd/data/2024/seabird/GF3.cnv
* Sea-Bird SBE 9 Data File:
* FileName = C:\CTD Brukere\UiO Kurs\Geo kurs 2024\GF3.hex
* Software Version Seasave V 7.26.7.121
* Temperature SN = 5352
* Conductivity SN = 3840
* Number of Bytes Per Scan = 38
* Number of Voltage Words = 5
* Number of Scans Averaged by the Deck Unit = 1
* NMEA Latitude = 59 52.53 N
* NMEA Longitude = 010 39.20 E
* NMEA UTC (Time) = Apr 18 2024 08:43:57
* NMEA baud rate = 4800
** Ship: R/V Trygve Braarud
** Cruise:
** Station:
** Operator:
# nquan = 15
# nvalues = 5370                                  
# units = specified
# name 0 = depSM: Depth [salt water, m]
# name 1 = t090C: Temperature [ITS-90, deg C]
# name 2 = sal00: Salinity, Practical [PSU]
# name 3 = sigma-t00: Density [sigma-t, kg/m^3 ]
# name 4 = flSP: Fluorescence, Seapoint
# name 5 = seaTurbMtr: Turbidity, Seapoint [FTU]
# name 6 = svCM: Sound Velocity [Chen-Millero, m/s]
# name 7 = sbeox0PS: Oxygen, SBE 43 [% saturation]
# name 8 = sbeox0Mg/L: Oxygen, SBE 43 [mg/l]
# name 9 = timeJ: Julian Days
# name 10 = oxsatML/L: Oxygen Saturation, Weiss [ml/l]
# name 11 = prDM: Pressure, Digiquartz [db]
# name 12 = wetStar: Fluorescence, WET Labs WETstar [mg/m^3]
# name 13 = c0mS/cm: Conductivity [mS/cm]
# name 14 = flag:  0.000e+00
# span 0 =      0.203,     77.189                 
# span 1 =     3.9665,     7.7543                 
# span 2 =    20.9048,    32.7113                 
# span 3 =    16.3779,    25.5243                 
# span 4 = 0.0000e+00, 3.9194e+00                 
# span 5 =      0.000,     29.516                 
# span 6 =    1455.55,    1479.66                 
# span 7 =     34.471,     86.746                 
# span 8 =     3.6805,     9.2688                 
# span 9 = 109.365694, 109.368284                 
# span 10 =    6.74447,    7.69722                
# span 11 =      0.205,     77.938                
# span 12 =    -0.3000,     3.0272                
# span 13 =  21.878740,  33.874180                
# span 14 = 0.0000e+00, 0.0000e+00                
# interval = seconds: 0.0416667
# start_time = Apr 18 2024 08:46:36 [System UTC, first data scan.]
# bad_flag = -9.990e-29
*END*
[from data line 1157]
      8.011     5.2676    23.9163    18.8777 6.9597e-01      1.187    1457.89     81.728     8.8395 109.366252    7.57591      8.088     2.7525  23.860072  0.000e+00
      8.015     5.2673    23.9172    18.8784 7.0818e-01      1.092    1457.89     81.721     8.8388 109.366253    7.57592      8.091     2.7525  23.860660  0.000e+00
      8.034     5.2673    23.9175    18.8787 6.7155e-01      1.004    1457.89     81.728     8.8395 109.366253    7.57591      8.111     2.7525  23.860980  0.000e+00
      8.015     5.2673    23.9178    18.8790 6.3492e-01      0.974    1457.89     81.735     8.8403 109.366254    7.57589      8.091     2.7525  23.861248  0.000e+00
      8.034     5.2667    23.9189    18.8799 6.2271e-01      1.004    1457.89     81.732     8.8400 109.366254    7.57595      8.111     2.7525  23.861836  0.000e+00
      8.047     5.2667    23.9193    18.8802 6.7155e-01      1.018    1457.89     81.728     8.8396 109.366255    7.57593      8.124     2.7525  23.862210  0.000e+00
      8.039     5.2657    23.9199    18.8807 7.2039e-01      0.996    1457.89     81.726     8.8395 109.366255    7.57608      8.116     2.7220  23.862103  0.000e+00
      8.047     5.2653    23.9201    18.8809 7.9365e-01      0.960    1457.89     81.723     8.8393 109.366256    7.57616      8.124     2.7220  23.861996  0.000e+00
      8.050     5.2649    23.9205    18.8813 8.5470e-01      0.952    1457.88     81.721     8.8391 109.366256    7.57619      8.127     2.7220  23.862210  0.000e+00
      8.058     5.2643    23.9207    18.8815 9.2796e-01      0.967    1457.88     81.720     8.8391 109.366257    7.57630      8.135     2.7525  23.861943  0.000e+00
      8.063     5.2642    23.9216    18.8822 1.0745e+00      0.960    1457.88     81.719     8.8390 109.366257    7.57629      8.140     2.7525  23.862638  0.000e+00
      8.058     5.2635    23.9224    18.8829 1.4530e+00      0.938    1457.88     81.719     8.8390 109.366258    7.57636      8.135     2.7525  23.862958  0.000e+00
      8.075     5.2632    23.9230    18.8834 1.7094e+00      0.930    1457.88     81.719     8.8391 109.366258    7.57640      8.152     2.7525  23.863333  0.000e+00
      8.083     5.2627    23.9239    18.8841 1.6361e+00      0.930    1457.88     81.720     8.8392 109.366259    7.57643      8.160     2.7525  23.863814  0.000e+00
      8.075     5.2627    23.9246    18.8847 1.4408e+00      0.945    1457.88     81.721     8.8393 109.366259    7.57640      8.152     2.7525  23.864455  0.000e+00
      8.094     5.2626    23.9253    18.8853 1.2088e+00      0.960    1457.88     81.722     8.8395 109.366260    7.57639      8.171     2.7525  23.864990  0.000e+00
      8.083     5.2624    23.9261    18.8859 1.0012e+00      0.967    1457.88     81.724     8.8397 109.366260    7.57639      8.160     2.7525  23.865631  0.000e+00
      8.110     5.2624    23.9263    18.8861 8.6691e-01      1.011    1457.88     81.727     8.8400 109.366261    7.57638      8.188     2.7525  23.865792  0.000e+00
      8.094     5.2621    23.9269    18.8866 7.6923e-01      1.033    1457.88     81.730     8.8403 109.366261    7.57641      8.171     2.7220  23.866166  0.000e+00
      8.110     5.2622    23.9269    18.8866 7.3260e-01      1.033    1457.88     81.734     8.8407 109.366262    7.57638      8.188     2.7220  23.866273  0.000e+00
      8.118     5.2618    23.9275    18.8871 6.9597e-01      1.026    1457.88     81.738     8.8412 109.366262    7.57644      8.196     2.7220  23.866487  0.000e+00
      8.123     5.2619    23.9273    18.8869 6.8376e-01      1.004    1457.88     81.742     8.8417 109.366263    7.57642      8.201     2.7525  23.866380  0.000e+00
      8.130     5.2621    23.9273    18.8869 8.9133e-01      0.982    1457.88     81.747     8.8422 109.366263    7.57639      8.207     2.7525  23.866487  0.000e+00
      8.135     5.2618    23.9277    18.8873 1.6117e+00      0.989    1457.88     81.753     8.8428 109.366264    7.57643      8.212     2.7220  23.866701  0.000e+00
      8.143     5.2619    23.9282    18.8877 2.8205e+00      0.996    1457.88     81.759     8.8434 109.366264    7.57637      8.220     2.7220  23.867289  0.000e+00
      8.143     5.2621    23.9291    18.8884 3.8339e+00      0.989    1457.89     81.765     8.8440 109.366264    7.57630      8.220     2.7525  23.868197  0.000e+00
      8.146     5.2619    23.9299    18.8890 3.9194e+00      0.974    1457.89     81.760     8.8434 109.366265    7.57629      8.224     2.7220  23.868785  0.000e+00
      8.165     5.2619    23.9302    18.8892 3.2967e+00      0.960    1457.89     81.767     8.8442 109.366265    7.57627      8.243     2.7220  23.869106  0.000e+00
      8.159     5.2614    23.9314    18.8902 2.4786e+00      0.945    1457.89     81.775     8.8450 109.366266    7.57630      8.237     2.7220  23.869855  0.000e+00
      8.178     5.2607    23.9328    18.8914 1.9780e+00      0.938    1457.88     81.771     8.8447 109.366266    7.57637      8.256     2.7220  23.870657  0.000e+00
      8.170     5.2594    23.9340    18.8924 1.7949e+00      0.938    1457.88     81.766     8.8444 109.366267    7.57655      8.248     2.7220  23.870871  0.000e+00
      8.178     5.2583    23.9347    18.8931 1.6972e+00      0.945    1457.88     81.775     8.8455 109.366267    7.57673      8.256     2.7220  23.870817  0.000e+00
      8.194     5.2574    23.9350    18.8934 1.5507e+00      0.967    1457.87     81.784     8.8466 109.366268    7.57688      8.273     2.7220  23.870497  0.000e+00
      8.190     5.2571    23.9351    18.8935 1.2821e+00      0.974    1457.87     81.793     8.8477 109.366268    7.57693      8.268     2.7525  23.870390  0.000e+00
      8.190     5.2567    23.9359    18.8942 1.0379e+00      0.967    1457.87     81.790     8.8474 109.366269    7.57696      8.268     2.7220  23.870871  0.000e+00
      8.206     5.2564    23.9363    18.8945 8.5470e-01      0.945    1457.87     81.787     8.8471 109.366269    7.57699      8.284     2.7525  23.871085  0.000e+00
      8.214     5.2553    23.9369    18.8951 7.8144e-01      0.923    1457.87     81.784     8.8470 109.366270    7.57716      8.292     2.7220  23.870924  0.000e+00
      8.219     5.2546    23.9363    18.8947 7.2039e-01      0.923    1457.86     81.782     8.8469 109.366270    7.57733      8.297     2.7220  23.869909  0.000e+00
      8.225     5.2525    23.9364    18.8950 6.5934e-01      0.938    1457.86     81.792     8.8485 109.366271    7.57772      8.304     2.7220  23.868573  0.000e+00
      8.219     5.2500    23.9360    18.8949 6.4713e-01      0.945    1457.84     81.802     8.8502 109.366271    7.57821      8.297     2.7220  23.866595  0.000e+00
      8.225     5.2454    23.9365    18.8957 6.7155e-01      0.952    1457.83     81.801     8.8510 109.366272    7.57903      8.304     2.7525  23.864083  0.000e+00
      8.241     5.2407    23.9380    18.8973 6.8376e-01      0.945    1457.81     81.813     8.8532 109.366272    7.57983      8.320     2.7525  23.862373  0.000e+00
      8.238     5.2361    23.9426    18.9014 6.7155e-01      0.960    1457.80     81.825     8.8552 109.366273    7.58045      8.317     2.7220  23.863656  0.000e+00
      8.250     5.2339    23.9513    18.9084 7.0818e-01      0.989    1457.80     81.837     8.8565 109.366273    7.58043      8.328     2.7525  23.870071  0.000e+00
      8.266     5.2341    23.9619    18.9168 8.3028e-01      0.996    1457.81     81.849     8.8572 109.366274    7.57986      8.344     2.7525  23.879854  0.000e+00
      8.250     5.2355    23.9716    18.9243 1.0256e+00      0.996    1457.83     81.849     8.8562 109.366274    7.57912      8.328     2.7220  23.889586  0.000e+00
      8.266     5.2376    23.9786    18.9296 1.2210e+00      1.033    1457.85     81.849     8.8553 109.366275    7.57837      8.344     2.7220  23.897340  0.000e+00
      8.274     5.2399    23.9819    18.9320 1.2821e+00      1.026    1457.86     81.848     8.8546 109.366275    7.57779      8.353     2.7220  23.901779  0.000e+00
      8.290     5.2411    23.9844    18.9339 1.1355e+00      1.004    1457.87     81.848     8.8542 109.366276    7.57743      8.369     2.7220  23.904934  0.000e+00
      8.274     5.2419    23.9869    18.9358 9.5238e-01      0.974    1457.88     81.848     8.8538 109.366276    7.57716      8.353     2.7525  23.907715  0.000e+00
      8.285     5.2416    23.9897    18.9380 8.0586e-01      0.952    1457.88     81.848     8.8537 109.366277    7.57708      8.364     2.7220  23.910016  0.000e+00
      8.301     5.2416    23.9914    18.9394 7.5702e-01      0.945    1457.88     81.848     8.8536 109.366277    7.57700      8.380     2.7220  23.911620  0.000e+00
      8.298     5.2410    23.9933    18.9409 7.3260e-01      0.960    1457.88     81.848     8.8537 109.366277    7.57702      8.377     2.7220  23.912851  0.000e+00
      8.314     5.2396    23.9950    18.9424 7.2039e-01      0.974    1457.88     81.849     8.8539 109.366278    7.57720      8.394     2.7525  23.913493  0.000e+00
      8.309     5.2357    23.9987    18.9457 7.4481e-01      0.982    1457.87     81.850     8.8547 109.366278    7.57774      8.389     2.7525  23.914349  0.000e+00
      8.314     5.2307    24.0035    18.9499 7.3260e-01      0.982    1457.85     81.851     8.8556 109.366279    7.57842      8.394     2.7525  23.915473  0.000e+00
      8.321     5.2254    24.0094    18.9551 7.4481e-01      0.974    1457.84     81.852     8.8565 109.366279    7.57911      8.400     2.7525  23.917399  0.000e+00
      8.314     5.2214    24.0141    18.9591 7.4481e-01      0.967    1457.83     81.853     8.8572 109.366280    7.57963      8.394     2.7525  23.919004  0.000e+00
      8.334     5.2177    24.0169    18.9617 7.0818e-01      0.945    1457.81     81.854     8.8580 109.366280    7.58017      8.413     2.7525  23.919165  0.000e+00
      8.345     5.2138    24.0195    18.9641 6.8376e-01      0.938    1457.80     81.855     8.8588 109.366281    7.58077      8.425     2.7220  23.918951  0.000e+00
      8.337     5.2103    24.0213    18.9658 6.5934e-01      0.938    1457.79     81.856     8.8595 109.366281    7.58133      8.416     2.7220  23.918363  0.000e+00
      8.345     5.2067    24.0225    18.9671 6.7155e-01      0.945    1457.78     81.857     8.8603 109.366282    7.58194      8.425     2.7525  23.917079  0.000e+00
      8.337     5.2036    24.0231    18.9679 7.8144e-01      0.952    1457.76     81.858     8.8610 109.366282    7.58249      8.416     2.7525  23.915635  0.000e+00
      8.356     5.2009    24.0237    18.9686 8.9133e-01      0.952    1457.75     81.859     8.8617 109.366283    7.58296      8.436     2.7525  23.914405  0.000e+00
      8.326     5.1985    24.0245    18.9694 9.8901e-01      0.952    1457.74     81.859     8.8621 109.366283    7.58336      8.405     2.7525  23.913549  0.000e+00
      8.394     5.1968    24.0245    18.9696 9.2796e-01      0.960    1457.74     81.782     8.8542 109.366284    7.58368      8.474     2.7220  23.912480  0.000e+00
      8.369     5.1947    24.0245    18.9698 9.2796e-01      0.960    1457.73     81.849     8.8619 109.366284    7.58407      8.449     2.7220  23.911143  0.000e+00
      8.361     5.1926    24.0247    18.9701 9.4017e-01      0.967    1457.72     81.850     8.8624 109.366285    7.58446      8.441     2.7220  23.909859  0.000e+00
      8.369     5.1900    24.0252    18.9707 8.5470e-01      0.960    1457.71     81.851     8.8631 109.366285    7.58491      8.449     2.7220  23.908683  0.000e+00
      8.386     5.1859    24.0258    18.9716 8.1807e-01      0.967    1457.69     81.853     8.8641 109.366286    7.58564      8.465     2.7220  23.906543  0.000e+00
      8.381     5.1829    24.0252    18.9714 8.5470e-01      0.982    1457.68     81.854     8.8649 109.366286    7.58624      8.461     2.7220  23.904030  0.000e+00
      8.381     5.1800    24.0250    18.9715 9.0354e-01      1.011    1457.67     81.855     8.8657 109.366287    7.58679      8.461     2.7220  23.901944  0.000e+00
      8.397     5.1772    24.0250    18.9717 8.6691e-01      1.026    1457.66     81.856     8.8665 109.366287    7.58732      8.477     2.7220  23.900072  0.000e+00
      8.394     5.1757    24.0244    18.9714 8.0586e-01      1.018    1457.65     81.857     8.8669 109.366288    7.58761      8.474     2.7220  23.898629  0.000e+00
      8.410     5.1737    24.0244    18.9716 7.8144e-01      1.011    1457.64     81.858     8.8675 109.366288    7.58799      8.490     2.7525  23.897345  0.000e+00
      8.405     5.1707    24.0250    18.9723 7.4481e-01      1.004    1457.63     81.860     8.8682 109.366289    7.58852      8.485     2.7220  23.895901  0.000e+00
      8.410     5.1680    24.0253    18.9728 6.9597e-01      1.004    1457.62     81.861     8.8689 109.366289    7.58901      8.490     2.7220  23.894458  0.000e+00
      8.405     5.1659    24.0249    18.9727 6.7155e-01      1.018    1457.61     81.862     8.8695 109.366290    7.58942      8.485     2.7220  23.892693  0.000e+00
      8.416     5.1634    24.0245    18.9725 7.3260e-01      1.033    1457.60     81.863     8.8702 109.366290    7.58991      8.497     2.7220  23.890661  0.000e+00
      8.421     5.1596    24.0248    18.9732 8.0586e-01      1.033    1457.58     81.865     8.8711 109.366291    7.59060      8.501     2.7220  23.888523  0.000e+00
      8.429     5.1564    24.0253    18.9738 8.0586e-01      1.018    1457.57     81.866     8.8719 109.366291    7.59117      8.510     2.7220  23.886865  0.000e+00
      8.421     5.1549    24.0240    18.9729 7.5702e-01      1.011    1457.56     81.867     8.8724 109.366291    7.59152      8.501     2.7220  23.884727  0.000e+00
      8.441     5.1515    24.0230    18.9724 6.9597e-01      1.004    1457.55     81.868     8.8734 109.366292    7.59219      8.521     2.7220  23.881626  0.000e+00
      8.433     5.1473    24.0216    18.9717 6.5934e-01      0.996    1457.53     81.870     8.8746 109.366292    7.59306      8.513     2.7220  23.877563  0.000e+00
      8.429     5.1444    24.0196    18.9704 6.9597e-01      0.989    1457.51     81.871     8.8754 109.366293    7.59369      8.510     2.7220  23.873874  0.000e+00
      8.441     5.1418    24.0183    18.9696 7.6923e-01      0.982    1457.50     81.872     8.8762 109.366293    7.59424      8.521     2.7220  23.870987  0.000e+00
      8.445     5.1370    24.0188    18.9704 8.0586e-01      0.982    1457.48     81.874     8.8774 109.366294    7.59511      8.526     2.7220  23.868368  0.000e+00
      8.452     5.1319    24.0202    18.9719 7.8144e-01      0.996    1457.46     81.876     8.8786 109.366294    7.59599      8.532     2.6915  23.866284  0.000e+00
      8.445     5.1272    24.0214    18.9734 7.3260e-01      1.062    1457.44     81.877     8.8797 109.366295    7.59681      8.526     2.7220  23.864360  0.000e+00
      8.452     5.1240    24.0217    18.9738 7.2039e-01      1.070    1457.43     81.879     8.8805 109.366295    7.59739      8.532     2.7220  23.862489  0.000e+00
      8.465     5.1211    24.0215    18.9740 7.4481e-01      1.040    1457.42     81.880     8.8813 109.366296    7.59796      8.546     2.7220  23.860405  0.000e+00
      8.470     5.1180    24.0213    18.9741 8.3028e-01      1.018    1457.41     81.881     8.8822 109.366296    7.59853      8.550     2.7220  23.858267  0.000e+00
      8.465     5.1148    24.0215    18.9745 1.0501e+00      1.004    1457.39     81.883     8.8830 109.366297    7.59912      8.546     2.7220  23.856343  0.000e+00
      8.457     5.1111    24.0216    18.9749 1.2943e+00      0.989    1457.38     81.806     8.8755 109.366297    7.59981      8.537     2.7220  23.853992  0.000e+00
      8.489     5.1086    24.0202    18.9741 1.3919e+00      0.982    1457.37     81.796     8.8750 109.366298    7.60036      8.570     2.7220  23.851106  0.000e+00
      8.470     5.1053    24.0195    18.9738 1.2943e+00      0.982    1457.35     81.786     8.8747 109.366298    7.60101      8.550     2.7220  23.848274  0.000e+00
