ctd/data/2024/seabird/GF4.cnv
* Sea-Bird SBE 9 Data File:
* FileName = C:\CTD Brukere\UiO Kurs\Geo kurs 2024\GF4.hex
* Software Version Seasave V 7.26.7.121
* Temperature SN = 5352
* Conductivity SN = 3840
* Number of Bytes Per Scan = 38
* Number of Voltage Words = 5
* Number of Scans Averaged by the Deck Unit = 1
* NMEA Latitude = 59 53.13 N
* NMEA Longitude = 010 39.11 E
* NMEA UTC (Time) = Apr 18 2024 09:12:49
* NMEA baud rate = 4800
** Ship: R/V Trygve Braarud
** Cruise:
** Station:
** Operator:
# nquan = 15
# nvalues = 2946                                  
# units = specified
# name 0 = depSM: Depth [salt water, m]
# name 1 = t090C: Temperature [ITS-90, deg C]
# name 2 = sal00: Salinity, Practical [PSU]
# name 3 = sigma-t00: Density [sigma-t, kg/m^3 ]
# name 4 = flSP: Fluorescence, Seapoint
# name 5 = seaTurbMtr: Turbidity, Seapoint [FTU]
# name 6 = svCM: Sound Velocity [Chen-Millero, m/s]
# name 7 = sbeox0PS: Oxygen, SBE 43 [% saturation]
# name 8 = sbeox0Mg/L: Oxygen, SBE 43 [mg/l]
# name 9 = timeJ: Julian Days
# name 10 = oxsatML/L: Oxygen Saturation, Weiss [ml/l]
# name 11 = prDM: Pressure, Digiquartz [db]
# name 12 = wetStar: Fluorescence, WET Labs WETstar [mg/m^3]
# name 13 = c0mS/cm: Conductivity [mS/cm]
# name 14 = flag:  0.000e+00
# span 0 =      0.216,     57.796                 
# span 1 =     3.9792,     7.8024                 
# span 2 =    20.8712,    32.7147                 
# span 3 =    16.3816,    25.5088                 
# span 4 = 0.0000e+00, 1.6239e+00                 
# span 5 =      0.938,     29.912                 
# span 6 =    1455.40,    1479.80                 
# span 7 =     45.420,     87.664                 
# span 8 =     4.6839,     9.3511                 
# span 9 = 109.384317, 109.385737                 
# span 10 =    6.73649,    7.70266                
# span 11 =      0.218,     58.354                
# span 12 =    -0.3000,     3.5156                
# span 13 =  21.666325,  33.923077                
# span 14 = 0.0000e+00, 0.0000e+00                
# interval = seconds: 0.0416667
# start_time = Apr 18 2024 09:13:25 [System UTC, first data scan.]
# bad_flag = -9.990e-29
*END*
      0.253     6.2937    20.9517    16.4461 7.8144e-01      1.604    1458.28     45.420     4.8876 109.384317    7.53375      0.256    -0.3000  21.735387  0.000e+00
      0.253     6.2934    20.9398    16.4368 6.2271e-01      1.590    1458.26     45.421     4.8881 109.384318    7.53438      0.256    -0.3000  21.723949  0.000e+00
      0.265     6.2936    20.9334    16.4317 5.7387e-01      1.582    1458.25     45.421     4.8883 109.384318    7.53467      0.267    -0.2084  21.717946  0.000e+00
      0.239     6.2940    20.9332    16.4315 3.5409e-01      1.553    1458.25     45.497     4.8964 109.384319    7.53460      0.241     1.1957  21.718050  0.000e+00
      0.265     6.2950    20.9366    16.4341 1.2210e-01      1.546    1458.26     45.508     4.8974 109.384319    7.53425      0.267    -0.3000  21.721827  0.000e+00
      0.253     6.2943    20.9482    16.4433 2.3199e-01      1.538    1458.27     45.518     4.8982 109.384320    7.53380      0.256    -0.3000  21.732488  0.000e+00
      0.253     6.2937    20.9646    16.4563 7.2039e-01      1.524    1458.29     45.528     4.8988 109.384320    7.53311      0.256    -0.3000  21.747706  0.000e+00
      0.253     6.2929    20.9807    16.4689 8.4249e-01      1.502    1458.31     45.615     4.9077 109.384321    7.53246      0.256    -0.3000  21.762462  0.000e+00
      0.252     6.2923    20.9938    16.4794 6.5934e-01      1.509    1458.32     45.635     4.9095 109.384321    7.53193      0.254    -0.3000  21.774580  0.000e+00
      0.253     6.2921    21.0017    16.4856 5.1282e-01      1.502    1458.33     45.654     4.9113 109.384321    7.53157      0.256    -0.3000  21.781986  0.000e+00
      0.253     6.2924    21.0077    16.4903 0.0000e+00      1.495    1458.34     45.671     4.9130 109.384322    7.53122      0.256    -0.3000  21.787840  0.000e+00
      0.253     6.2927    21.0153    16.4962 0.0000e+00      1.509    1458.35     45.765     4.9228 109.384322    7.53080      0.256    -0.3000  21.795196  0.000e+00
      0.252     6.2933    21.0227    16.5020 0.0000e+00      1.531    1458.36     45.792     4.9254 109.384323    7.53034      0.254    -0.3000  21.802501  0.000e+00
      0.240     6.2926    21.0262    16.5048 0.0000e+00      1.524    1458.36     45.894     4.9363 109.384323    7.53029      0.243    -0.3000  21.805402  0.000e+00
      0.240     6.2923    21.0229    16.5022 0.0000e+00      1.495    1458.36     46.006     4.9485 109.384324    7.53051      0.243    -0.3000  21.802138  0.000e+00
      0.253     6.2931    21.0133    16.4946 0.0000e+00      1.487    1458.35     46.050     4.9534 109.384324    7.53083      0.256    -0.3000  21.793538  0.000e+00
      0.239     6.2943    21.0029    16.4863 0.0000e+00      1.509    1458.34     46.168     4.9663 109.384325    7.53111      0.241    -0.3000  21.784369  0.000e+00
      0.253     6.2956    20.9973    16.4818 0.0000e+00      1.560    1458.34     46.295     4.9800 109.384325    7.53116      0.256    -0.3000  21.779811  0.000e+00
      0.240     6.2964    20.9956    16.4804 0.0000e+00      1.597    1458.34     46.429     4.9944 109.384326    7.53109      0.243    -0.3000  21.778671  0.000e+00
      0.253     6.2975    20.9953    16.4800 5.0061e-01      1.619    1458.35     46.572     5.0096 109.384326    7.53091      0.256    -0.3000  21.779034  0.000e+00
      0.239     6.2975    20.9950    16.4798 5.7387e-01      1.648    1458.35     46.721     5.0257 109.384327    7.53092      0.241    -0.3000  21.778723  0.000e+00
      0.240     6.2978    20.9953    16.4800 3.0525e-01      1.663    1458.35     46.877     5.0424 109.384327    7.53085      0.243    -0.3000  21.779241  0.000e+00
      0.240     6.2956    21.0013    16.4850 1.7094e-01      1.634    1458.35     47.040     5.0600 109.384328    7.53096      0.243    -0.3000  21.783644  0.000e+00
      0.253     6.2952    21.0097    16.4915 1.4652e-01      1.612    1458.35     47.208     5.0778 109.384328    7.53063      0.256    -0.3000  21.791258  0.000e+00
      0.239     6.2947    21.0112    16.4928 2.4420e-02      1.626    1458.35     47.381     5.0965 109.384329    7.53064      0.241    -0.3000  21.792450  0.000e+00
      0.240     6.2956    21.0006    16.4844 5.6166e-01      1.648    1458.34     47.635     5.1241 109.384329    7.53099      0.243    -0.3000  21.782970  0.000e+00
      0.240     6.2980    20.9889    16.4749 1.0379e+00      1.663    1458.34     47.904     5.1532 109.384330    7.53114      0.243    -0.3000  21.773181  0.000e+00
      0.240     6.3007    20.9823    16.4695 8.3028e-01      1.670    1458.34     48.188     5.1835 109.384330    7.53096      0.243    -0.3000  21.768572  0.000e+00
      0.252     6.3023    20.9829    16.4698 4.0293e-01      1.656    1458.35     48.408     5.2070 109.384331    7.53065      0.254    -0.3000  21.770022  0.000e+00
      0.240     6.3028    20.9935    16.4781 0.0000e+00      1.604    1458.36     48.706     5.2386 109.384331    7.53004      0.243    -0.3000  21.780328  0.000e+00
      0.240     6.3021    21.0191    16.4983 0.0000e+00      1.568    1458.39     49.017     5.2712 109.384332    7.52890      0.243    -0.3000  21.804262  0.000e+00
      0.240     6.2969    21.0515    16.5243 0.0000e+00      1.546    1458.41     49.416     5.3136 109.384332    7.52826      0.243    -0.3000  21.831937  0.000e+00
      0.239     6.2934    21.0691    16.5385 0.0000e+00      1.538    1458.42     49.758     5.3503 109.384333    7.52803      0.241    -0.3000  21.846661  0.000e+00
      0.240     6.2934    21.0766    16.5443 0.0000e+00      1.538    1458.43     50.109     5.3877 109.384333    7.52766      0.243    -0.3000  21.853712  0.000e+00
      0.240     6.2920    21.0849    16.5510 0.0000e+00      1.531    1458.43     50.544     5.4344 109.384334    7.52752      0.243    -0.3000  21.860765  0.000e+00
      0.240     6.2929    21.0939    16.5580 0.0000e+00      1.524    1458.45     50.919     5.4743 109.384334    7.52690      0.243    -0.3000  21.869841  0.000e+00
      0.240     6.2911    21.0993    16.5624 1.2210e-02      1.524    1458.45     51.377     5.5236 109.384334    7.52696      0.243    -0.3000  21.873939  0.000e+00
      0.239     6.2933    21.0903    16.5551 0.0000e+00      1.524    1458.45     51.849     5.5744 109.384335    7.52702      0.241    -0.3000  21.866625  0.000e+00
      0.240     6.2924    21.0794    16.5467 1.2210e-02      1.524    1458.43     52.336     5.6272 109.384335    7.52770      0.243    -0.3000  21.855838  0.000e+00
      0.253     6.2929    21.0762    16.5441 1.2210e-02      1.524    1458.43     52.834     5.6809 109.384336    7.52776      0.256    -0.3000  21.853090  0.000e+00
      0.240     6.2940    21.0749    16.5430 2.4420e-02      1.531    1458.43     53.343     5.7355 109.384336    7.52763      0.243    -0.3000  21.852468  0.000e+00
      0.239     6.2948    21.0743    16.5424 0.0000e+00      1.546    1458.43     53.862     5.7912 109.384337    7.52751      0.241    -0.3000  21.852364  0.000e+00
      0.240     6.2952    21.0811    16.5478 0.0000e+00      1.538    1458.44     54.465     5.8557 109.384337    7.52712      0.243    -0.3000  21.859053  0.000e+00
      0.240     6.2936    21.0941    16.5581 1.2210e-01      1.509    1458.45     55.010     5.9140 109.384338    7.52677      0.243    -0.3000  21.870412  0.000e+00
      0.253     6.2864    21.1182    16.5778 2.6862e-01      1.480    1458.45     55.639     5.9817 109.384338    7.52689      0.256    -0.3000  21.889087  0.000e+00
      0.239     6.2795    21.1405    16.5959 3.6630e-01      1.465    1458.45     56.206     6.0427 109.384339    7.52705      0.241    -0.3000  21.906159  0.000e+00
      0.240     6.2782    21.1460    16.6004 4.2735e-01      1.451    1458.45     56.848     6.1118 109.384339    7.52703      0.243    -0.3000  21.910571  0.000e+00
      0.240     6.2790    21.1444    16.5991 3.7851e-01      1.451    1458.46     57.423     6.1736 109.384340    7.52696      0.243    -0.3000  21.909533  0.000e+00
      0.240     6.2797    21.1393    16.5950 1.5873e-01      1.443    1458.45     58.074     6.2436 109.384340    7.52707      0.243    -0.3000  21.905121  0.000e+00
      0.239     6.2816    21.1338    16.5905 0.0000e+00      1.436    1458.45     58.731     6.3142 109.384341    7.52700      0.241    -0.3000  21.901022  0.000e+00
      0.240     6.2835    21.1380    16.5936 0.0000e+00      1.421    1458.47     59.394     6.3850 109.384341    7.52644      0.243    -0.3000  21.906107  0.000e+00
      0.240     6.2840    21.1511    16.6039 0.0000e+00      1.421    1458.49     60.061     6.4561 109.384342    7.52571      0.243    -0.3000  21.918875  0.000e+00
      0.240     6.2818    21.1525    16.6051 0.0000e+00      1.407    1458.48     60.744     6.5298 109.384342    7.52605      0.243    -0.3000  21.918823  0.000e+00
      0.252     6.2810    21.1250    16.5836 0.0000e+00      1.407    1458.44     61.426     6.6045 109.384343    7.52754      0.254    -0.3000  21.892304  0.000e+00
      0.240     6.2815    21.0927    16.5581 0.0000e+00      1.429    1458.40     62.106     6.6789 109.384343    7.52904      0.243    -0.3000  21.861959  0.000e+00
      0.240     6.2818    21.0786    16.5470 1.7094e-01      1.465    1458.39     62.783     6.7523 109.384344    7.52968      0.243    -0.3000  21.848787  0.000e+00
      0.240     6.2812    21.0773    16.5460 2.0757e-01      1.473    1458.38     63.467     6.8260 109.384344    7.52986      0.243    -0.3000  21.847180  0.000e+00
      0.239     6.2812    21.0736    16.5432 2.6862e-01      1.473    1458.38     64.145     6.8990 109.384345    7.53003      0.241    -0.3000  21.843758  0.000e+00
      0.253     6.2823    21.0664    16.5374 2.9304e-01      1.465    1458.37     64.889     6.9793 109.384345    7.53019      0.256    -0.3000  21.837537  0.000e+00
      0.240     6.2834    21.0620    16.5338 4.7619e-01      1.451    1458.37     65.557     7.0512 109.384346    7.53020      0.243    -0.3000  21.834011  0.000e+00
      0.240     6.2832    21.0586    16.5312 6.8376e-01      1.443    1458.37     66.149     7.1150 109.384346    7.53040      0.243    -0.3000  21.830746  0.000e+00
      0.252     6.2842    21.0523    16.5262 7.6923e-01      1.443    1458.36     66.868     7.1925 109.384347    7.53054      0.254    -0.3000  21.825303  0.000e+00
      0.253     6.2851    21.0425    16.5183 6.8376e-01      1.465    1458.35     67.518     7.2626 109.384347    7.53084      0.256    -0.3000  21.816544  0.000e+00
      0.240     6.2858    21.0218    16.5020 4.0293e-01      1.502    1458.33     68.238     7.3410 109.384348    7.53175      0.243    -0.3000  21.797320  0.000e+00
      0.240     6.2869    20.9881    16.4754 2.9304e-01      1.531    1458.29     68.874     7.4108 109.384348    7.53320      0.243    -0.3000  21.765984  0.000e+00
      0.252     6.2882    20.9593    16.4526 4.8840e-01      1.553    1458.26     69.499     7.4794 109.384348    7.53438      0.254    -0.3000  21.739372  0.000e+00
      0.240     6.2904    20.9396    16.4369 8.1807e-01      1.546    1458.25     70.113     7.5460 109.384349    7.53495      0.243    -0.3000  21.721983  0.000e+00
      0.253     6.2927    20.9225    16.4232 1.0745e+00      1.524    1458.24     70.792     7.6195 109.384349    7.53535      0.256    -0.3000  21.707184  0.000e+00
      0.240     6.2940    20.9126    16.4153 2.1978e-01      1.495    1458.23     71.391     7.6843 109.384350    7.53561      0.243    -0.3000  21.698493  0.000e+00
      0.253     6.2942    20.9175    16.4191 0.0000e+00      1.502    1458.23     71.977     7.7470 109.384350    7.53534      0.256    -0.3000  21.703201  0.000e+00
      0.252     6.2942    20.9356    16.4334 0.0000e+00      1.509    1458.26     72.622     7.8155 109.384351    7.53445      0.254    -0.3000  21.720378  0.000e+00
      0.240     6.2942    20.9516    16.4460 0.0000e+00      1.516    1458.28     73.182     7.8750 109.384351    7.53366      0.243    -0.3000  21.735594  0.000e+00
      0.253     6.2934    20.9624    16.4545 0.0000e+00      1.524    1458.29     73.723     7.9328 109.384352    7.53327      0.256    -0.3000  21.745377  0.000e+00
      0.240     6.2927    20.9736    16.4634 0.0000e+00      1.524    1458.30     74.242     7.9882 109.384352    7.53284      0.243    -0.3000  21.755679  0.000e+00
      0.252     6.2931    20.9784    16.4672 0.0000e+00      1.524    1458.31     74.826     8.0507 109.384353    7.53254      0.254    -0.3000  21.760443  0.000e+00
      0.240     6.2939    20.9767    16.4657 0.0000e+00      1.538    1458.31     75.331     8.1049 109.384353    7.53249      0.243    -0.3000  21.759200  0.000e+00
      0.253     6.2958    20.9713    16.4613 0.0000e+00      1.560    1458.31     75.822     8.1576 109.384354    7.53240      0.256    -0.3000  21.755265  0.000e+00
      0.253     6.3013    20.9655    16.4562 1.3431e-01      1.560    1458.32     76.282     8.2063 109.384354    7.53168      0.256    -0.3000  21.752986  0.000e+00
      0.239     6.3029    20.9666    16.4570 6.4713e-01      1.568    1458.33     76.729     8.2541 109.384355    7.53133      0.241    -0.3000  21.754954  0.000e+00
      0.253     6.3007    20.9672    16.4576 6.9597e-01      1.582    1458.32     77.241     8.3096 109.384355    7.53171      0.256    -0.3000  21.754229  0.000e+00
      0.253     6.2997    20.9630    16.4544 2.1978e-01      1.568    1458.31     77.679     8.3571 109.384356    7.53209      0.256    -0.3000  21.749673  0.000e+00
      0.240     6.3007    20.9615    16.4532 0.0000e+00      1.546    1458.32     78.097     8.4019 109.384356    7.53199      0.243    -0.3000  21.748845  0.000e+00
      0.252     6.3018    20.9604    16.4521 0.0000e+00      1.568    1458.32     78.494     8.4445 109.384357    7.53184      0.254    -0.3000  21.748379  0.000e+00
      0.240     6.3018    20.9536    16.4468 0.0000e+00      1.604    1458.31     78.883     8.4868 109.384357    7.53217      0.243    -0.3000  21.741960  0.000e+00
      0.253     6.3018    20.9410    16.4369 0.0000e+00      1.641    1458.30     79.252     8.5271 109.384358    7.53279      0.256    -0.3000  21.730003  0.000e+00
      0.240     6.3023    20.9312    16.4292 0.0000e+00      1.663    1458.28     79.609     8.5660 109.384358    7.53319      0.243    -0.3000  21.720999  0.000e+00
      0.252     6.3021    20.9304    16.4285 7.3260e-02      1.634    1458.28     79.957     8.6035 109.384359    7.53326      0.254    -0.3000  21.720119  0.000e+00
      0.253     6.3021    20.9361    16.4330 1.8315e-01      1.582    1458.29     80.292     8.6393 109.384359    7.53298      0.256    -0.3000  21.725501  0.000e+00
      0.253     6.3012    20.9430    16.4386 1.7094e-01      1.538    1458.30     80.617     8.6741 109.384360    7.53281      0.256    -0.3000  21.731556  0.000e+00
      0.240     6.3004    20.9500    16.4441 2.5641e-01      1.524    1458.30     81.006     8.7157 109.384360    7.53261      0.243    -0.3000  21.737663  0.000e+00
      0.252     6.2986    20.9573    16.4500 1.5873e-01      1.502    1458.30     81.241     8.7409 109.384361    7.53257      0.254    -0.3000  21.743616  0.000e+00
      0.240     6.2986    20.9613    16.4532 9.7680e-02      1.473    1458.31     81.538     8.7726 109.384361    7.53237      0.243    -0.3000  21.747395  0.000e+00
      0.253     6.2977    20.9678    16.4584 1.0989e-01      1.480    1458.31     81.823     8.8031 109.384361    7.53223      0.256    -0.3000  21.753038  0.000e+00
      0.253     6.2967    20.9803    16.4683 7.3260e-02      1.524    1458.32     82.106     8.8330 109.384362    7.53178      0.256    -0.3000  21.764378  0.000e+00
      0.239     6.2959    20.9970    16.4815 7.3260e-02      1.538    1458.34     82.298     8.8529 109.384362    7.53111      0.241    -0.3000  21.779707  0.000e+00
      0.253     6.2933    21.0133    16.4946 2.6862e-01      1.553    1458.35     82.557     8.8803 109.384363    7.53080      0.256    -0.3000  21.793641  0.000e+00
