ctd/data/2024/seabird/GF4.cnv
* Sea-Bird SBE 9 Data File:
* FileName = C:\CTD Brukere\UiO Kurs\Geo kurs 2024\GF4.hex
* Software Version Seasave V 7.26.7.121
* Temperature SN = 5352
* Conductivity SN = 3840
* Number of Bytes Per Scan = 38
* Number of Voltage Words = 5
* Number of Scans Averaged by the Deck Unit = 1
* NMEA Latitude = 59 53.13 N
* NMEA Longitude = 010 39.11 E
* NMEA UTC (Time) = Apr 18 2024 09:12:49
* NMEA baud rate = 4800
** Ship: R/V Trygve Braarud
** Cruise:
** Station:
** Operator:
# nquan = 15
# nvalues = 2946                                  
# units = specified
# name 0 = depSM: Depth [salt water, m]
# name 1 = t090C: Temperature [ITS-90, deg C]
# name 2 = sal00: Salinity, Practical [PSU]
# name 3 = sigma-t00: Density [sigma-t, kg/m^3 ]
# name 4 = flSP: Fluorescence, Seapoint
# name 5 = seaTurbMtr: Turbidity, Seapoint [FTU]
# name 6 = svCM: Sound Velocity [Chen-Millero, m/s]
# name 7 = sbeox0PS: Oxygen, SBE 43 [% saturation]
# name 8 = sbeox0Mg/L: Oxygen, SBE 43 [mg/l]
# name 9 = timeJ: Julian Days
# name 10 = oxsatML/L: Oxygen Saturation, Weiss [ml/l]
# name 11 = prDM: Pressure, Digiquartz [db]
# name 12 = wetStar: Fluorescence, WET Labs WETstar [mg/m^3]
# name 13 = c0mS/cm: Conductivity [mS/cm]
# name 14 = flag:  0.000e+00
# span 0 =      0.216,     57.796                 
# span 1 =     3.9792,     7.8024                 
# span 2 =    20.8712,    32.7147                 
# span 3 =    16.3816,    25.5088                 
# span 4 = 0.0000e+00, 1.6239e+00                 
# span 5 =      0.938,     29.912                 
# span 6 =    1455.40,    1479.80                 
# span 7 =     45.420,     87.664                 
# span 8 =     4.6839,     9.3511                 
# span 9 = 109.384317, 109.385737                 
# span 10 =    6.73649,    7.70266                
# span 11 =      0.218,     58.354                
# span 12 =    -0.3000,     3.5156                
# span 13 =  21.666325,  33.923077                
# span 14 = 0.0000e+00, 0.0000e+00                
# interval = seconds: 0.0416667
# start_time = Apr 18 2024 09:13:25 [System UTC, first data scan.]
# bad_flag = -9.990e-29
*END*
[from data line 1639]
     28.394     7.0270    31.8236    24.9139 1.0989e-01      1.194    1475.26     49.247     4.8487 109.385108    6.89779     28.666     1.5010  32.421198  0.000e+00
     28.434     7.0296    31.8293    24.9181 9.7680e-02      1.231    1475.28     49.268     4.8503 109.385108    6.89712     28.707     1.5010  32.428613  0.000e+00
     28.446     7.0291    31.8252    24.9149 1.0989e-01      1.267    1475.27     49.209     4.8446 109.385109    6.89739     28.718     1.5010  32.424427  0.000e+00
     28.478     7.0265    31.8190    24.9104 9.7680e-02      1.282    1475.25     49.223     4.8465 109.385109    6.89807     28.751     1.5010  32.416594  0.000e+00
     28.506     7.0257    31.8193    24.9107 9.7680e-02      1.267    1475.25     49.245     4.8487 109.385109    6.89819     28.779     1.5010  32.416176  0.000e+00
     28.525     7.0260    31.8215    24.9124 9.7680e-02      1.253    1475.26     49.186     4.8428 109.385110    6.89804     28.798     1.4705  32.418448  0.000e+00
     28.530     7.0249    31.8183    24.9100 9.7680e-02      1.238    1475.25     49.201     4.8445 109.385110    6.89837     28.803     1.5010  32.414562  0.000e+00
     28.579     7.0207    31.8123    24.9058 9.7680e-02      1.223    1475.22     49.213     4.8463 109.385111    6.89932     28.852     1.5010  32.405474  0.000e+00
     28.585     7.0165    31.8147    24.9083 9.7680e-02      1.223    1475.21     49.155     4.8410 109.385111    6.89989     28.859     1.5010  32.404100  0.000e+00
     28.614     7.0142    31.8191    24.9121 9.7680e-02      1.223    1475.21     49.170     4.8426 109.385112    6.90006     28.888     1.5010  32.406252  0.000e+00
     28.634     7.0126    31.8094    24.9046 1.0989e-01      1.223    1475.19     49.193     4.8454 109.385112    6.90076     28.908     1.5010  32.395911  0.000e+00
     28.661     7.0118    31.8210    24.9138 1.3431e-01      1.216    1475.20     49.136     4.8395 109.385113    6.90036     28.936     1.4705  32.405954  0.000e+00
     28.686     7.0318    31.8659    24.9465 1.3431e-01      1.209    1475.34     49.140     4.8362 109.385113    6.89512     28.960     1.5010  32.464262  0.000e+00
     28.716     7.0612    31.8951    24.9656 1.2210e-01      1.216    1475.49     49.151     4.8331 109.385114    6.88909     28.992     1.4705  32.516143  0.000e+00
     28.721     7.0751    31.8797    24.9516 1.0989e-01      1.209    1475.52     49.169     4.8338 109.385114    6.88754     28.996     1.4705  32.513807  0.000e+00
     28.754     7.0799    31.8638    24.9385 1.0989e-01      1.201    1475.52     49.184     4.8353 109.385115    6.88747     29.029     1.4705  32.503332  0.000e+00
     28.781     7.0844    31.8588    24.9340 9.7680e-02      1.194    1475.53     49.130     4.8296 109.385115    6.88699     29.057     1.4705  32.502494  0.000e+00
     28.794     7.0727    31.8470    24.9263 1.0989e-01      1.209    1475.47     49.137     4.8320 109.385116    6.88938     29.070     1.4705  32.481789  0.000e+00
     28.836     7.0577    31.8556    24.9350 9.7680e-02      1.216    1475.43     49.152     4.8349 109.385116    6.89142     29.113     1.4705  32.476824  0.000e+00
     28.841     7.0600    31.8597    24.9380 9.7680e-02      1.209    1475.44     49.096     4.8290 109.385117    6.89087     29.118     1.4705  32.482628  0.000e+00
     28.877     7.0624    31.8452    24.9262 9.7680e-02      1.187    1475.43     49.102     4.8297 109.385117    6.89112     29.154     1.4705  32.471379  0.000e+00
     28.897     7.0603    31.8404    24.9227 9.7680e-02      1.179    1475.42     49.115     4.8313 109.385118    6.89168     29.173     1.4705  32.465097  0.000e+00
     28.914     7.0546    31.8446    24.9268 1.0989e-01      1.165    1475.40     49.058     4.8262 109.385118    6.89240     29.191     1.4705  32.464200  0.000e+00
     28.909     7.0539    31.8474    24.9291 1.0989e-01      1.158    1475.40     49.138     4.8342 109.385119    6.89240     29.186     1.4705  32.466115  0.000e+00
     28.997     7.0518    31.8267    24.9131 9.7680e-02      1.158    1475.37     49.084     4.8297 109.385119    6.89366     29.275     1.4705  32.445358  0.000e+00
     28.986     7.0259    31.7978    24.8937 9.7680e-02      1.172    1475.23     49.091     4.8343 109.385120    6.89912     29.263     1.4705  32.396747  0.000e+00
     29.017     7.0115    31.8118    24.9066 9.7680e-02      1.201    1475.19     49.105     4.8367 109.385120    6.90082     29.295     1.4705  32.397406  0.000e+00
     29.046     7.0154    31.8240    24.9158 9.7680e-02      1.238    1475.23     49.124     4.8378 109.385121    6.89965     29.324     1.4705  32.411933  0.000e+00
     29.057     7.0085    31.7731    24.8766 9.7680e-02      1.231    1475.14     49.061     4.8340 109.385121    6.90304     29.335     1.4705  32.359277  0.000e+00
     29.077     6.9667    31.7072    24.8302 1.0989e-01      1.223    1474.89     49.073     4.8420 109.385122    6.91275     29.355     1.4705  32.263254  0.000e+00
     29.106     6.9401    31.7516    24.8686 1.0989e-01      1.231    1474.84     49.079     4.8441 109.385122    6.91505     29.385     1.4705  32.281582  0.000e+00
     29.141     6.9685    31.8419    24.9360 1.0989e-01      1.238    1475.07     49.023     4.8325 109.385122    6.90641     29.421     1.4705  32.388564  0.000e+00
     29.150     7.0048    31.8738    24.9563 1.0989e-01      1.267    1475.25     49.027     4.8278 109.385123    6.89913     29.429     1.4705  32.448713  0.000e+00
     29.166     7.0247    31.8661    24.9477 9.7680e-02      1.297    1475.32     49.038     4.8269 109.385123    6.89625     29.445     1.4705  32.458700  0.000e+00
     29.213     7.0315    31.8538    24.9371 9.7680e-02      1.297    1475.33     49.045     4.8273 109.385124    6.89571     29.493     1.4705  32.453137  0.000e+00
     29.210     7.0326    31.8606    24.9423 9.7680e-02      1.275    1475.34     49.058     4.8283 109.385124    6.89524     29.489     1.4705  32.460255  0.000e+00
     29.249     7.0387    31.8726    24.9509 9.7680e-02      1.245    1475.38     49.001     4.8216 109.385125    6.89372     29.529     1.4705  32.476468  0.000e+00
     29.273     7.0453    31.8817    24.9572 9.7680e-02      1.223    1475.42     49.004     4.8208 109.385125    6.89225     29.553     1.4705  32.490470  0.000e+00
     29.292     7.0449    31.8371    24.9221 9.7680e-02      1.216    1475.36     49.013     4.8232 109.385126    6.89431     29.573     1.4705  32.449128  0.000e+00
     29.309     7.0082    31.7802    24.8822 9.7680e-02      1.216    1475.15     49.031     4.8308 109.385126    6.90278     29.589     1.4705  32.365611  0.000e+00
     29.333     6.9914    31.7965    24.8972 9.7680e-02      1.216    1475.10     48.965     4.8257 109.385127    6.90475     29.614     1.4705  32.366390  0.000e+00
     29.365     7.0016    31.8223    24.9162 1.0989e-01      1.216    1475.17     48.969     4.8242 109.385127    6.90195     29.647     1.4705  32.398783  0.000e+00
     29.382     7.0041    31.8299    24.9219 1.2210e-01      1.216    1475.19     48.980     4.8247 109.385128    6.90119     29.663     1.4705  32.407990  0.000e+00
     29.406     7.0149    31.8529    24.9386 1.2210e-01      1.209    1475.27     48.984     4.8232 109.385128    6.89844     29.688     1.4705  32.438246  0.000e+00
     29.412     7.0315    31.8816    24.9589 1.3431e-01      1.209    1475.37     48.994     4.8214 109.385129    6.89447     29.694     1.5010  32.478743  0.000e+00
     29.477     7.0442    31.8852    24.9601 1.2210e-01      1.231    1475.42     48.933     4.8139 109.385129    6.89227     29.760     1.4705  32.492864  0.000e+00
     29.489     7.0367    31.8491    24.9327 1.2210e-01      1.275    1475.35     48.945     4.8170 109.385130    6.89508     29.771     1.4705  32.453376  0.000e+00
     29.489     7.0139    31.7977    24.8952 1.3431e-01      1.311    1475.19     48.952     4.8218 109.385130    6.90107     29.771     1.4705  32.386648  0.000e+00
     29.521     6.9948    31.7573    24.8660 1.3431e-01      1.297    1475.07     48.964     4.8265 109.385131    6.90596     29.804     1.4705  32.333351  0.000e+00
     29.549     6.9711    31.7551    24.8674 1.2210e-01      1.260    1474.97     48.983     4.8310 109.385131    6.90989     29.832     1.4705  32.311255  0.000e+00
     29.573     6.9769    31.7964    24.8991 1.0989e-01      1.245    1475.05     48.928     4.8236 109.385132    6.90710     29.856     1.4705  32.354143  0.000e+00
     29.581     7.0029    31.8411    24.9309 1.0989e-01      1.231    1475.21     49.008     4.8273 109.385132    6.90090     29.865     1.4705  32.417258  0.000e+00
     29.622     7.0300    31.8747    24.9537 9.7680e-02      1.216    1475.36     48.952     4.8176 109.385133    6.89502     29.905     1.4705  32.471205  0.000e+00
     29.633     7.0484    31.8930    24.9657 1.0989e-01      1.201    1475.45     48.967     4.8164 109.385133    6.89123     29.917     1.4705  32.503757  0.000e+00
     29.669     7.0567    31.8931    24.9647 1.0989e-01      1.194    1475.48     48.900     4.8090 109.385134    6.88990     29.953     1.4705  32.510939  0.000e+00
     29.677     7.0588    31.8835    24.9568 1.0989e-01      1.201    1475.48     48.981     4.8170 109.385134    6.88999     29.961     1.4705  32.503816  0.000e+00
     29.717     7.0543    31.8718    24.9482 1.0989e-01      1.209    1475.45     48.926     4.8124 109.385135    6.89124     30.002     1.4399  32.489273  0.000e+00
     29.729     7.0507    31.8535    24.9343 9.7680e-02      1.201    1475.41     48.930     4.8138 109.385135    6.89264     30.014     1.4705  32.469348  0.000e+00
     29.761     7.0308    31.8481    24.9326 9.7680e-02      1.201    1475.33     48.940     4.8172 109.385136    6.89608     30.046     1.4705  32.447516  0.000e+00
     29.777     7.0198    31.8674    24.9493 9.7680e-02      1.209    1475.31     48.955     4.8192 109.385136    6.89699     30.063     1.4705  32.455951  0.000e+00
     29.800     7.0347    31.8987    24.9720 1.0989e-01      1.223    1475.41     48.961     4.8172 109.385136    6.89319     30.086     1.4705  32.497355  0.000e+00
     29.837     7.0556    31.9150    24.9820 9.7680e-02      1.245    1475.51     48.972     4.8155 109.385137    6.88910     30.123     1.4705  32.530156  0.000e+00
     29.844     7.0697    31.9140    24.9793 1.0989e-01      1.267    1475.56     48.987     4.8155 109.385137    6.88688     30.130     1.4705  32.541232  0.000e+00
     29.873     7.0761    31.9088    24.9744 1.0989e-01      1.311    1475.58     49.008     4.8170 109.385138    6.88608     30.159     1.4399  32.541950  0.000e+00
     29.896     7.0774    31.9103    24.9755 1.0989e-01      1.355    1475.59     49.034     4.8193 109.385138    6.88581     30.182     1.4705  32.544465  0.000e+00
     29.933     7.0791    31.9140    24.9781 9.7680e-02      1.333    1475.60     48.976     4.8133 109.385139    6.88536     30.220     1.4399  32.549375  0.000e+00
     29.941     7.0844    31.9177    24.9803 9.7680e-02      1.304    1475.63     48.988     4.8138 109.385139    6.88435     30.228     1.4399  32.557220  0.000e+00
     29.956     7.0906    31.9225    24.9833 9.7680e-02      1.289    1475.66     49.005     4.8146 109.385140    6.88314     30.243     1.4705  32.566982  0.000e+00
     29.993     7.0958    31.9288    24.9876 9.7680e-02      1.260    1475.69     49.015     4.8148 109.385140    6.88202     30.281     1.4399  32.577225  0.000e+00
     29.977     7.0998    31.9312    24.9889 9.7680e-02      1.231    1475.70     48.952     4.8081 109.385141    6.88128     30.264     1.4399  32.582796  0.000e+00
     30.076     7.1012    31.9258    24.9844 1.0989e-01      1.209    1475.70     49.037     4.8165 109.385141    6.88128     30.364     1.4399  32.579082  0.000e+00
     30.053     7.0992    31.9156    24.9767 2.8083e-01      1.194    1475.68     48.972     4.8106 109.385142    6.88207     30.341     1.4399  32.567940  0.000e+00
     30.089     7.0995    31.9174    24.9781 4.5177e-01      1.187    1475.69     48.988     4.8121 109.385142    6.88194     30.377     1.4399  32.569917  0.000e+00
     30.125     7.1030    31.9269    24.9851 3.9072e-01      1.194    1475.71     48.997     4.8123 109.385143    6.88096     30.413     1.4399  32.581658  0.000e+00
     30.121     7.1065    31.9311    24.9879 2.6862e-01      1.223    1475.73     49.010     4.8131 109.385143    6.88020     30.410     1.4399  32.588487  0.000e+00
     30.160     7.1063    31.9280    24.9855 1.9536e-01      1.260    1475.73     49.028     4.8150 109.385144    6.88037     30.449     1.4399  32.585491  0.000e+00
     30.185     7.1044    31.9250    24.9834 1.5873e-01      1.253    1475.72     49.050     4.8174 109.385144    6.88080     30.474     1.4399  32.581178  0.000e+00
     30.196     7.1028    31.9265    24.9848 1.3431e-01      1.223    1475.71     48.988     4.8114 109.385145    6.88100     30.485     1.4705  32.581119  0.000e+00
     30.228     7.1017    31.9303    24.9880 1.2210e-01      1.201    1475.71     49.072     4.8197 109.385145    6.88101     30.518     1.4705  32.583755  0.000e+00
     30.245     7.1011    31.9280    24.9862 1.0989e-01      1.201    1475.71     49.094     4.8220 109.385146    6.88121     30.534     1.4399  32.581059  0.000e+00
     30.269     7.0965    31.9237    24.9835 1.0989e-01      1.209    1475.69     49.032     4.8166 109.385146    6.88214     30.559     1.4399  32.573212  0.000e+00
     30.305     7.0934    31.9220    24.9825 1.0989e-01      1.223    1475.67     49.040     4.8177 109.385147    6.88271     30.595     1.4399  32.569019  0.000e+00
     30.324     7.0911    31.9241    24.9845 1.0989e-01      1.216    1475.67     49.051     4.8190 109.385147    6.88300     30.615     1.4399  32.568960  0.000e+00
     30.340     7.0905    31.9338    24.9922 1.0989e-01      1.201    1475.68     49.065     4.8201 109.385148    6.88265     30.631     1.4399  32.577466  0.000e+00
     30.365     7.0950    31.9440    24.9996 1.0989e-01      1.201    1475.71     49.083     4.8211 109.385148    6.88147     30.656     1.4399  32.590706  0.000e+00
     30.387     7.0967    31.9425    24.9982 9.7680e-02      1.201    1475.71     49.093     4.8219 109.385149    6.88126     30.679     1.4094  32.590825  0.000e+00
     30.412     7.0922    31.9397    24.9966 9.7680e-02      1.201    1475.69     49.030     4.8163 109.385149    6.88212     30.703     1.4094  32.584355  0.000e+00
     30.444     7.0929    31.9510    25.0054 9.7680e-02      1.209    1475.71     49.036     4.8165 109.385149    6.88149     30.736     1.3789  32.595380  0.000e+00
     30.447     7.0958    31.9570    25.0098 9.7680e-02      1.245    1475.73     49.122     4.8244 109.385150    6.88076     30.739     1.4094  32.603409  0.000e+00
     30.485     7.0924    31.9525    25.0066 9.7680e-02      1.319    1475.71     49.058     4.8187 109.385150    6.88151     30.777     1.4094  32.596338  0.000e+00
     30.520     7.0926    31.9466    25.0020 9.7680e-02      1.355    1475.70     49.063     4.8193 109.385151    6.88174     30.813     1.4094  32.591126  0.000e+00
     30.520     7.0920    31.9485    25.0036 9.7680e-02      1.333    1475.70     49.071     4.8201 109.385151    6.88176     30.813     1.3789  32.592324  0.000e+00
     30.553     7.0885    31.9483    25.0039 9.7680e-02      1.282    1475.69     49.083     4.8216 109.385152    6.88232     30.846     1.3789  32.589209  0.000e+00
     30.580     7.0838    31.9345    24.9936 9.7680e-02      1.260    1475.66     49.097     4.8241 109.385152    6.88369     30.874     1.4094  32.572496  0.000e+00
     30.603     7.0720    31.9117    24.9772 9.7680e-02      1.231    1475.58     49.105     4.8268 109.385153    6.88661     30.896     1.4094  32.541414  0.000e+00
