ctd/data/2024/seabird/GF4.cnv
* Sea-Bird SBE 9 Data File:
* FileName = C:\CTD Brukere\UiO Kurs\Geo kurs 2024\GF4.hex
* Software Version Seasave V 7.26.7.121
* Temperature SN = 5352
* Conductivity SN = 3840
* Number of Bytes Per Scan = 38
* Number of Voltage Words = 5
* Number of Scans Averaged by the Deck Unit = 1
* NMEA Latitude = 59 53.13 N
* NMEA Longitude = 010 39.11 E
* NMEA UTC (Time) = Apr 18 2024 09:12:49
* NMEA baud rate = 4800
** Ship: R/V Trygve Braarud
** Cruise:
** Station:
** Operator:
# nquan = 15
# nvalues = 2946                                  
# units = specified
# name 0 = depSM: Depth [salt water, m]
# name 1 = t090C: Temperature [ITS-90, deg C]
# name 2 = sal00: Salinity, Practical [PSU]
# name 3 = sigma-t00: Density [sigma-t, kg/m^3 ]
# name 4 = flSP: Fluorescence, Seapoint
# name 5 = seaTurbMtr: Turbidity, Seapoint [FTU]
# name 6 = svCM: Sound Velocity [Chen-Millero, m/s]
# name 7 = sbeox0PS: Oxygen, SBE 43 [% saturation]
# name 8 = sbeox0Mg/L: Oxygen, SBE 43 [mg/l]
# name 9 = timeJ: Julian Days
# name 10 = oxsatML/L: Oxygen Saturation, Weiss [ml/l]
# name 11 = prDM: Pressure, Digiquartz [db]
# name 12 = wetStar: Fluorescence, WET Labs WETstar [mg/m^3]
# name 13 = c0mS/cm: Conductivity [mS/cm]
# name 14 = flag:  0.000e+00
# span 0 =      0.216,     57.796                 
# span 1 =     3.9792,     7.8024                 
# span 2 =    20.8712,    32.7147                 
# span 3 =    16.3816,    25.5088                 
# span 4 = 0.0000e+00, 1.6239e+00                 
# span 5 =      0.938,     29.912                 
# span 6 =    1455.40,    1479.80                 
# span 7 =     45.420,     87.664                 
# span 8 =     4.6839,     9.3511                 
# span 9 = 109.384317, 109.385737                 
# span 10 =    6.73649,    7.70266                
# span 11 =      0.218,     58.354                
# span 12 =    -0.3000,     3.5156                
# span 13 =  21.666325,  33.923077                
# span 14 = 0.0000e+00, 0.0000e+00                
# interval = seconds: 0.0416667
# start_time = Apr 18 2024 09:13:25 [System UTC, first data scan.]
# bad_flag = -9.990e-29
*END*
[from data line 2121]
     39.530     7.5818    32.5682    25.4239 8.5470e-02      1.333    1478.52     52.851     5.1127 109.385340    6.77672     39.909     1.1957  33.591839  0.000e+00
     39.569     7.5822    32.5412    25.4027 8.5470e-02      1.341    1478.49     52.926     5.1208 109.385340    6.77783     39.949     1.2263  33.567173  0.000e+00
     39.578     7.5598    32.5072    25.3791 8.5470e-02      1.341    1478.36     52.936     5.1256 109.385341    6.78282     39.958     1.2263  33.516108  0.000e+00
     39.603     7.5275    32.5258    25.3982 8.5470e-02      1.341    1478.26     52.870     5.1222 109.385341    6.78708     39.983     1.2263  33.505212  0.000e+00
     39.629     7.5361    32.5468    25.4135 8.5470e-02      1.348    1478.32     52.861     5.1197 109.385342    6.78480     40.009     1.2263  33.532282  0.000e+00
     39.663     7.5501    32.5534    25.4167 8.5470e-02      1.348    1478.38     52.926     5.1242 109.385342    6.78233     40.044     1.2263  33.550514  0.000e+00
     39.674     7.5565    32.5372    25.4031 9.7680e-02      1.363    1478.39     52.924     5.1238 109.385343    6.78204     40.055     1.2263  33.541063  0.000e+00
     39.710     7.5430    32.5017    25.3771 9.7680e-02      1.363    1478.29     52.923     5.1264 109.385343    6.78570     40.091     1.2263  33.496370  0.000e+00
     39.726     7.5174    32.4644    25.3514 9.7680e-02      1.363    1478.15     52.933     5.1316 109.385344    6.79135     40.108     1.2263  33.439539  0.000e+00
     39.745     7.4834    32.4461    25.3417 9.7680e-02      1.348    1477.99     52.865     5.1297 109.385344    6.79751     40.127     1.2263  33.392965  0.000e+00
     39.770     7.4806    32.4512    25.3461 9.7680e-02      1.348    1477.99     52.934     5.1365 109.385345    6.79773     40.152     1.2263  33.395323  0.000e+00
     39.797     7.4845    32.4783    25.3668 9.7680e-02      1.363    1478.04     52.935     5.1352 109.385345    6.79591     40.180     1.2263  33.423873  0.000e+00
     39.819     7.4901    32.5180    25.3973 8.5470e-02      1.377    1478.11     52.933     5.1330 109.385346    6.79329     40.201     1.2263  33.465624  0.000e+00
     39.854     7.5099    32.5500    25.4197 8.5470e-02      1.370    1478.23     52.928     5.1291 109.385346    6.78877     40.237     1.2263  33.512542  0.000e+00
     39.866     7.5393    32.5621    25.4251 8.5470e-02      1.363    1478.35     52.920     5.1245 109.385347    6.78363     40.249     1.2263  33.549426  0.000e+00
     39.893     7.5624    32.5630    25.4226 8.5470e-02      1.377    1478.44     52.910     5.1209 109.385347    6.77998     40.276     1.2263  33.570327  0.000e+00
     39.914     7.5715    32.5532    25.4136 8.5470e-02      1.377    1478.47     52.901     5.1192 109.385348    6.77898     40.298     1.2263  33.569114  0.000e+00
     39.939     7.5707    32.5494    25.4108 8.5470e-02      1.363    1478.46     52.891     5.1185 109.385348    6.77927     40.322     1.2568  33.564933  0.000e+00
     39.961     7.5714    32.5417    25.4046 9.7680e-02      1.363    1478.45     52.880     5.1176 109.385349    6.77951     40.345     1.2263  33.558329  0.000e+00
     39.989     7.5642    32.5440    25.4074 1.2210e-01      1.363    1478.43     52.879     5.1182 109.385349    6.78053     40.373     1.2263  33.554270  0.000e+00
     39.999     7.5653    32.5337    25.3992 1.2210e-01      1.348    1478.42     52.875     5.1181 109.385350    6.78081     40.383     1.2263  33.545607  0.000e+00
     40.034     7.5526    32.5190    25.3894 1.0989e-01      1.341    1478.35     52.872     5.1198 109.385350    6.78344     40.419     1.2263  33.520955  0.000e+00
     40.059     7.5494    32.5363    25.4034 9.7680e-02      1.333    1478.36     52.855     5.1179 109.385351    6.78318     40.444     1.2263  33.534281  0.000e+00
     40.073     7.5582    32.5491    25.4122 9.7680e-02      1.348    1478.41     52.846     5.1156 109.385351    6.78124     40.458     1.2263  33.553787  0.000e+00
     40.106     7.5616    32.5521    25.4142 8.5470e-02      1.363    1478.43     52.836     5.1142 109.385352    6.78058     40.491     1.2263  33.559603  0.000e+00
     40.130     7.5642    32.5489    25.4113 9.7680e-02      1.363    1478.44     52.749     5.1055 109.385352    6.78032     40.516     1.2263  33.558875  0.000e+00
     40.142     7.5664    32.5448    25.4077 8.5470e-02      1.341    1478.44     52.803     5.1106 109.385353    6.78015     40.527     1.2263  33.556936  0.000e+00
     40.169     7.5622    32.5499    25.4123 8.5470e-02      1.326    1478.43     52.714     5.1023 109.385353    6.78058     40.555     1.2263  33.558088  0.000e+00
     40.190     7.5667    32.5461    25.4087 9.7680e-02      1.333    1478.44     52.765     5.1069 109.385353    6.78004     40.577     1.2263  33.558512  0.000e+00
     40.215     7.5554    32.5350    25.4016 9.7680e-02      1.377    1478.39     52.675     5.0998 109.385354    6.78231     40.601     1.2263  33.538339  0.000e+00
     40.239     7.5381    32.5515    25.4169 9.7680e-02      1.407    1478.34     52.727     5.1063 109.385354    6.78429     40.626     1.2263  33.538583  0.000e+00
     40.262     7.5459    32.5715    25.4316 8.5470e-02      1.399    1478.40     52.708     5.1030 109.385355    6.78219     40.649     1.2263  33.563968  0.000e+00
     40.278     7.5634    32.5758    25.4325 8.5470e-02      1.385    1478.47     52.622     5.0925 109.385355    6.77927     40.665     1.2263  33.583176  0.000e+00
     40.311     7.5742    32.5685    25.4253 9.7680e-02      1.370    1478.50     52.602     5.0895 109.385356    6.77788     40.698     1.2263  33.585902  0.000e+00
     40.322     7.5776    32.5558    25.4148 9.7680e-02      1.355    1478.50     52.583     5.0876 109.385356    6.77791     40.709     1.2263  33.577053  0.000e+00
     40.346     7.5752    32.5464    25.4078 9.7680e-02      1.355    1478.48     52.563     5.0863 109.385357    6.77870     40.734     1.2263  33.566207  0.000e+00
     40.362     7.5677    32.5299    25.3959 9.7680e-02      1.348    1478.43     52.544     5.0859 109.385357    6.78060     40.750     1.2263  33.544396  0.000e+00
     40.382     7.5520    32.5120    25.3840 8.5470e-02      1.333    1478.35     52.525     5.0865 109.385358    6.78385     40.770     1.2263  33.514053  0.000e+00
     40.406     7.5365    32.5023    25.3785 9.7680e-02      1.341    1478.28     52.506     5.0868 109.385358    6.78670     40.795     1.2263  33.491590  0.000e+00
     40.431     7.5233    32.4971    25.3762 8.5470e-02      1.385    1478.22     52.486     5.0866 109.385359    6.78899     40.819     1.2263  33.475307  0.000e+00
     40.455     7.5094    32.4924    25.3745 9.7680e-02      1.429    1478.16     52.466     5.0864 109.385359    6.79138     40.844     1.2263  33.458906  0.000e+00
     40.483     7.4941    32.5023    25.3844 9.7680e-02      1.429    1478.12     52.457     5.0869 109.385360    6.79335     40.872     1.2263  33.454793  0.000e+00
     40.491     7.4986    32.5304    25.4059 9.7680e-02      1.421    1478.17     52.445     5.0843 109.385360    6.79141     40.880     1.2263  33.484814  0.000e+00
     40.515     7.5230    32.5580    25.4242 9.7680e-02      1.407    1478.30     52.431     5.0792 109.385361    6.78637     40.904     1.2263  33.531681  0.000e+00
     40.551     7.5491    32.5711    25.4308 9.7680e-02      1.392    1478.41     52.417     5.0744 109.385361    6.78170     40.940     1.2263  33.566513  0.000e+00
     40.562     7.5662    32.5704    25.4279 9.7680e-02      1.392    1478.48     52.328     5.0638 109.385362    6.77905     40.952     1.2263  33.580813  0.000e+00
     40.590     7.5744    32.5618    25.4200 9.7680e-02      1.407    1478.50     52.305     5.0610 109.385362    6.77815     40.980     1.2263  33.579964  0.000e+00
     40.598     7.5766    32.5572    25.4161 8.5470e-02      1.399    1478.50     52.284     5.0588 109.385363    6.77800     40.988     1.2263  33.577660  0.000e+00
     40.635     7.5784    32.5586    25.4169 8.5470e-02      1.392    1478.51     52.263     5.0565 109.385363    6.77767     41.026     1.2263  33.580448  0.000e+00
     40.647     7.5824    32.5623    25.4192 8.5470e-02      1.392    1478.53     52.243     5.0540 109.385364    6.77688     41.037     1.2263  33.587357  0.000e+00
     40.682     7.5883    32.5599    25.4166 8.5470e-02      1.385    1478.55     52.234     5.0525 109.385364    6.77605     41.073     1.2263  33.590387  0.000e+00
     40.695     7.5901    32.5563    25.4134 8.5470e-02      1.377    1478.55     52.226     5.0517 109.385365    6.77594     41.086     1.2263  33.588508  0.000e+00
     40.723     7.5893    32.5553    25.4128 8.5470e-02      1.370    1478.55     52.208     5.0501 109.385365    6.77610     41.114     1.2263  33.586993  0.000e+00
     40.742     7.5875    32.5538    25.4118 8.5470e-02      1.377    1478.54     52.191     5.0487 109.385366    6.77645     41.134     1.2263  33.583963  0.000e+00
     40.767     7.5845    32.5503    25.4095 9.7680e-02      1.377    1478.53     52.186     5.0486 109.385366    6.77708     41.159     1.2263  33.578084  0.000e+00
     40.791     7.5826    32.5380    25.4001 9.7680e-02      1.355    1478.51     52.181     5.0488 109.385367    6.77791     41.183     1.2263  33.565056  0.000e+00
     40.827     7.5758    32.5243    25.3903 9.7680e-02      1.348    1478.46     52.178     5.0497 109.385367    6.77957     41.219     1.2263  33.546396  0.000e+00
     40.838     7.5718    32.5231    25.3899 9.7680e-02      1.355    1478.45     52.099     5.0426 109.385367    6.78025     41.231     1.2263  33.541853  0.000e+00
     40.867     7.5686    32.5236    25.3908 8.5470e-02      1.370    1478.43     52.076     5.0407 109.385368    6.78073     41.260     1.1957  33.539551  0.000e+00
     40.887     7.5656    32.5243    25.3917 8.5470e-02      1.385    1478.42     52.064     5.0399 109.385368    6.78118     41.280     1.1957  33.537553  0.000e+00
     40.911     7.5621    32.5247    25.3926 8.5470e-02      1.407    1478.41     52.055     5.0394 109.385369    6.78171     41.304     1.1957  33.534888  0.000e+00
     40.923     7.5640    32.5474    25.4101 8.5470e-02      1.414    1478.45     52.046     5.0375 109.385369    6.78042     41.316     1.1957  33.557606  0.000e+00
     40.958     7.5832    32.5696    25.4249 9.7680e-02      1.421    1478.55     52.036     5.0337 109.385370    6.77643     41.352     1.1957  33.595056  0.000e+00
     40.983     7.5968    32.5770    25.4288 8.5470e-02      1.451    1478.61     52.029     5.0311 109.385370    6.77398     41.377     1.1957  33.613786  0.000e+00
     41.010     7.6038    32.5659    25.4191 9.7680e-02      1.465    1478.62     52.023     5.0302 109.385371    6.77337     41.404     1.1957  33.609602  0.000e+00
     41.018     7.6059    32.5527    25.4084 9.7680e-02      1.458    1478.62     52.019     5.0300 109.385371    6.77362     41.413     1.1957  33.599175  0.000e+00
     41.054     7.6026    32.5473    25.4046 9.7680e-02      1.443    1478.60     52.018     5.0304 109.385372    6.77437     41.449     1.2263  33.591235  0.000e+00
     41.079     7.5952    32.5517    25.4091 9.7680e-02      1.443    1478.58     51.941     5.0237 109.385372    6.77534     41.473     1.2263  33.588872  0.000e+00
     41.103     7.5929    32.5580    25.4144 8.5470e-02      1.451    1478.57     51.932     5.0228 109.385373    6.77542     41.498     1.2263  33.592752  0.000e+00
     41.114     7.5944    32.5610    25.4166 8.5470e-02      1.473    1478.58     51.924     5.0218 109.385373    6.77505     41.509     1.2263  33.596873  0.000e+00
     41.139     7.5959    32.5614    25.4166 8.5470e-02      1.473    1478.59     51.917     5.0210 109.385374    6.77481     41.534     1.2263  33.598510  0.000e+00
     41.168     7.5941    32.5544    25.4114 8.5470e-02      1.443    1478.58     51.913     5.0210 109.385374    6.77539     41.564     1.1957  33.590448  0.000e+00
     41.187     7.5871    32.5524    25.4108 8.5470e-02      1.407    1478.55     51.911     5.0217 109.385375    6.77658     41.583     1.2263  33.582449  0.000e+00
     41.223     7.5853    32.5619    25.4185 8.5470e-02      1.385    1478.55     51.911     5.0216 109.385375    6.77644     41.619     1.2263  33.589843  0.000e+00
     41.247     7.5846    32.5498    25.4091 8.5470e-02      1.377    1478.54     51.901     5.0211 109.385376    6.77707     41.644     1.2263  33.577965  0.000e+00
     41.259     7.5688    32.5400    25.4036 8.5470e-02      1.385    1478.46     51.905     5.0236 109.385376    6.77999     41.655     1.2263  33.555062  0.000e+00
     41.283     7.5577    32.5355    25.4017 9.7680e-02      1.377    1478.41     51.899     5.0244 109.385377    6.78191     41.680     1.2263  33.541311  0.000e+00
     41.308     7.5573    32.5382    25.4038 1.5873e-01      1.370    1478.42     51.828     5.0175 109.385377    6.78187     41.705     1.2263  33.543370  0.000e+00
     41.332     7.5593    32.5404    25.4053 1.4652e-01      1.377    1478.43     51.814     5.0158 109.385378    6.78145     41.729     1.2263  33.547308  0.000e+00
     41.359     7.5614    32.5433    25.4073 1.3431e-01      1.392    1478.44     51.812     5.0153 109.385378    6.78099     41.757     1.2263  33.551852  0.000e+00
     41.368     7.5709    32.5522    25.4129 1.0989e-01      1.392    1478.49     51.812     5.0140 109.385379    6.77913     41.765     1.2263  33.568271  0.000e+00
     41.403     7.5813    32.5639    25.4207 9.7680e-02      1.392    1478.54     51.803     5.0115 109.385379    6.77698     41.801     1.2263  33.588269  0.000e+00
     41.428     7.5890    32.5786    25.4311 9.7680e-02      1.407    1478.59     51.797     5.0095 109.385380    6.77513     41.826     1.2263  33.608635  0.000e+00
     41.439     7.6026    32.5895    25.4378 9.7680e-02      1.421    1478.66     51.791     5.0071 109.385380    6.77253     41.837     1.2263  33.630643  0.000e+00
     41.475     7.6137    32.5830    25.4311 9.7680e-02      1.473    1478.69     51.787     5.0057 109.385380    6.77108     41.873     1.2263  33.634280  0.000e+00
     41.488     7.6127    32.5787    25.4279 8.5470e-02      1.509    1478.68     51.787     5.0059 109.385381    6.77142     41.887     1.1957  33.629429  0.000e+00
     41.510     7.6192    32.5843    25.4314 8.5470e-02      1.495    1478.72     51.787     5.0050 109.385381    6.77015     41.909     1.2263  33.640405  0.000e+00
     41.535     7.6261    32.5782    25.4256 8.5470e-02      1.458    1478.73     51.713     4.9972 109.385382    6.76934     41.934     1.2263  33.640708  0.000e+00
     41.559     7.6172    32.5693    25.4199 8.5470e-02      1.407    1478.69     51.708     4.9981 109.385382    6.77113     41.959     1.2263  33.624639  0.000e+00
     41.575     7.6109    32.5650    25.4174 9.7680e-02      1.377    1478.66     51.705     4.9986 109.385383    6.77230     41.975     1.1957  33.615181  0.000e+00
     41.595     7.6047    32.5670    25.4198 9.7680e-02      1.363    1478.64     51.705     4.9992 109.385383    6.77319     41.995     1.2263  33.611605  0.000e+00
     41.619     7.6059    32.5669    25.4195 9.7680e-02      1.363    1478.64     51.705     4.9992 109.385384    6.77300     42.019     1.2263  33.612575  0.000e+00
     41.644     7.6016    32.5559    25.4115 9.7680e-02      1.377    1478.61     51.709     5.0004 109.385384    6.77416     42.044     1.2263  33.598572  0.000e+00
     41.655     7.5955    32.5490    25.4070 9.7680e-02      1.399    1478.58     51.639     4.9945 109.385385    6.77541     42.055     1.2263  33.586934  0.000e+00
     41.679     7.5946    32.5526    25.4099 9.7680e-02      1.407    1478.58     51.625     4.9932 109.385385    6.77539     42.080     1.2263  33.589480  0.000e+00
