ctd/data/2024/seabird/GF4.cnv
* Sea-Bird SBE 9 Data File:
* FileName = C:\CTD Brukere\UiO Kurs\Geo kurs 2024\GF4.hex
* Software Version Seasave V 7.26.7.121
* Temperature SN = 5352
* Conductivity SN = 3840
* Number of Bytes Per Scan = 38
* Number of Voltage Words = 5
* Number of Scans Averaged by the Deck Unit = 1
* NMEA Latitude = 59 53.13 N
* NMEA Longitude = 010 39.11 E
* NMEA UTC (Time) = Apr 18 2024 09:12:49
* NMEA baud rate = 4800
** Ship: R/V Trygve Braarud
** Cruise:
** Station:
** Operator:
# nquan = 15
# nvalues = 2946                                  
# units = specified
# name 0 = depSM: Depth [salt water, m]
# name 1 = t090C: Temperature [ITS-90, deg C]
# name 2 = sal00: Salinity, Practical [PSU]
# name 3 = sigma-t00: Density [sigma-t, kg/m^3 ]
# name 4 = flSP: Fluorescence, Seapoint
# name 5 = seaTurbMtr: Turbidity, Seapoint [FTU]
# name 6 = svCM: Sound Velocity [Chen-Millero, m/s]
# name 7 = sbeox0PS: Oxygen, SBE 43 [% saturation]
# name 8 = sbeox0Mg/L: Oxygen, SBE 43 [mg/l]
# name 9 = timeJ: Julian Days
# name 10 = oxsatML/L: Oxygen Saturation, Weiss [ml/l]
# name 11 = prDM: Pressure, Digiquartz [db]
# name 12 = wetStar: Fluorescence, WET Labs WETstar [mg/m^3]
# name 13 = c0mS/cm: Conductivity [mS/cm]
# name 14 = flag:  0.000e+00
# span 0 =      0.216,     57.796                 
# span 1 =     3.9792,     7.8024                 
# span 2 =    20.8712,    32.7147                 
# span 3 =    16.3816,    25.5088                 
# span 4 = 0.0000e+00, 1.6239e+00                 
# span 5 =      0.938,     29.912                 
# span 6 =    1455.40,    1479.80                 
# span 7 =     45.420,     87.664                 
# span 8 =     4.6839,     9.3511                 
# span 9 = 109.384317, 109.385737                 
# span 10 =    6.73649,    7.70266                
# span 11 =      0.218,     58.354                
# span 12 =    -0.3000,     3.5156                
# span 13 =  21.666325,  33.923077                
# span 14 = 0.0000e+00, 0.0000e+00                
# interval = seconds: 0.0416667
# start_time = Apr 18 2024 09:13:25 [System UTC, first data scan.]
# bad_flag = -9.990e-29
*END*
[from data line 1254]
     19.518     5.7853    30.7103    24.1895 1.4652e-01      1.055    1468.79     68.121     6.9552 109.384922    7.15523     19.704     1.6231  30.374200  0.000e+00
     19.540     5.7966    30.7215    24.1971 1.4652e-01      1.048    1468.85     67.920     6.9323 109.384922    7.15276     19.727     1.6231  30.393453  0.000e+00
     19.576     5.8040    30.7174    24.1930 1.4652e-01      1.055    1468.87     67.779     6.9168 109.384923    7.15168     19.763     1.6231  30.395845  0.000e+00
     19.589     5.8017    30.6901    24.1717 1.4652e-01      1.055    1468.83     67.643     6.9046 109.384923    7.15336     19.776     1.5926  30.369532  0.000e+00
     19.612     5.7883    30.7122    24.1907 1.4652e-01      1.048    1468.80     67.591     6.9005 109.384924    7.15462     19.799     1.5926  30.378401  0.000e+00
     19.647     5.8202    30.8137    24.2672 1.4652e-01      1.040    1469.06     67.467     6.8780 109.384924    7.14440     19.835     1.5926  30.495342  0.000e+00
     19.660     5.8639    30.8732    24.3091 1.3431e-01      1.033    1469.31     67.272     6.8483 109.384925    7.13415     19.848     1.6231  30.584370  0.000e+00
     19.685     5.8907    30.8705    24.3039 1.3431e-01      1.026    1469.42     67.216     6.8384 109.384925    7.12971     19.873     1.5926  30.603906  0.000e+00
     19.707     5.9043    30.8183    24.2610 1.3431e-01      1.026    1469.41     67.024     6.8190 109.384926    7.12983     19.896     1.5926  30.568166  0.000e+00
     19.732     5.8970    30.7911    24.2404 1.3431e-01      1.033    1469.34     66.893     6.8081 109.384926    7.13234     19.920     1.5926  30.537822  0.000e+00
     19.756     5.8873    30.8010    24.2494 1.3431e-01      1.055    1469.32     66.770     6.7967 109.384927    7.13352     19.945     1.5926  30.538875  0.000e+00
     19.780     5.8880    30.8381    24.2786 1.3431e-01      1.099    1469.37     66.642     6.7820 109.384927    7.13168     19.969     1.5926  30.572671  0.000e+00
     19.803     5.9004    30.8762    24.3072 1.3431e-01      1.121    1469.47     66.524     6.7662 109.384928    7.12780     19.992     1.5926  30.616953  0.000e+00
     19.816     5.9147    30.8818    24.3100 1.3431e-01      1.114    1469.53     66.402     6.7512 109.384928    7.12509     20.005     1.5620  30.633747  0.000e+00
     19.852     5.9244    30.8905    24.3157 1.3431e-01      1.092    1469.58     66.288     6.7378 109.384929    7.12304     20.041     1.5926  30.649491  0.000e+00
     19.876     5.9370    30.9019    24.3233 1.3431e-01      1.084    1469.65     66.172     6.7235 109.384929    7.12035     20.066     1.5926  30.670156  0.000e+00
     19.887     5.9451    30.8869    24.3105 1.2210e-01      1.099    1469.66     66.053     6.7108 109.384930    7.11968     20.077     1.5926  30.663247  0.000e+00
     19.923     5.9399    30.8253    24.2624 1.3431e-01      1.092    1469.56     65.943     6.7032 109.384930    7.12344     20.113     1.5926  30.603668  0.000e+00
     19.949     5.9164    30.7516    24.2070 1.3431e-01      1.099    1469.38     65.830     6.6987 109.384931    7.13087     20.140     1.5926  30.518357  0.000e+00
     19.959     5.8842    30.7016    24.1713 1.4652e-01      1.114    1469.18     65.727     6.6954 109.384931    7.13870     20.149     1.5926  30.447207  0.000e+00
     19.996     5.8568    30.6808    24.1580 1.4652e-01      1.143    1469.05     65.621     6.6899 109.384932    7.14435     20.187     1.6231  30.406288  0.000e+00
     20.009     5.8508    30.7649    24.2251 1.3431e-01      1.158    1469.13     65.526     6.6775 109.384932    7.14144     20.200     1.5926  30.476821  0.000e+00
     20.043     5.8948    30.8721    24.3046 1.3431e-01      1.143    1469.44     65.432     6.6562 109.384932    7.12894     20.235     1.5926  30.608821  0.000e+00
     20.054     5.9372    30.8894    24.3134 1.2210e-01      1.121    1469.63     65.335     6.6390 109.384933    7.12091     20.246     1.5620  30.659091  0.000e+00
     20.067     5.9657    30.8744    24.2982 1.2210e-01      1.099    1469.73     65.238     6.6252 109.384933    7.11677     20.259     1.5620  30.668983  0.000e+00
     20.105     5.9807    30.8680    24.2914 1.2210e-01      1.077    1469.78     65.150     6.6143 109.384934    7.11450     20.297     1.5926  30.675598  0.000e+00
     20.127     5.9839    30.8421    24.2706 1.3431e-01      1.070    1469.76     65.061     6.6059 109.384934    7.11517     20.320     1.5926  30.654930  0.000e+00
     20.139     5.9581    30.7596    24.2084 1.4652e-01      1.099    1469.56     64.970     6.6043 109.384935    7.12340     20.331     1.5926  30.559625  0.000e+00
     20.174     5.9183    30.7907    24.2376 1.4652e-01      1.158    1469.44     64.877     6.5997 109.384935    7.12872     20.367     1.5926  30.555068  0.000e+00
     20.199     5.9457    30.9189    24.3357 1.4652e-01      1.267    1469.71     64.798     6.5818 109.384936    7.11809     20.392     1.5926  30.692643  0.000e+00
     20.212     5.9950    31.0070    24.3994 1.3431e-01      1.355    1470.02     64.720     6.5624 109.384936    7.10562     20.405     1.5926  30.812264  0.000e+00
     20.234     6.0343    31.0440    24.4239 1.3431e-01      1.348    1470.22     64.641     6.5466 109.384937    7.09724     20.428     1.5926  30.877920  0.000e+00
     20.259     6.0625    31.0318    24.4110 1.3431e-01      1.289    1470.32     64.483     6.5269 109.384937    7.09304     20.452     1.5926  30.890187  0.000e+00
     20.283     6.0665    30.9657    24.3583 1.3431e-01      1.216    1470.25     64.403     6.5210 109.384938    7.09543     20.477     1.5926  30.833962  0.000e+00
     20.307     6.0580    30.9131    24.3179 1.2210e-01      1.158    1470.15     64.322     6.5164 109.384938    7.09931     20.501     1.5926  30.779653  0.000e+00
     20.330     6.0497    30.9558    24.3525 1.2210e-01      1.136    1470.17     64.242     6.5077 109.384939    7.09873     20.524     1.5926  30.811262  0.000e+00
     20.354     6.0594    31.0346    24.4136 1.3431e-01      1.114    1470.31     64.163     6.4948 109.384939    7.09343     20.549     1.5926  30.890246  0.000e+00
     20.390     6.0928    31.1313    24.4859 1.3431e-01      1.099    1470.57     64.086     6.4778 109.384940    7.08332     20.585     1.5926  31.004866  0.000e+00
     20.403     6.1376    31.1799    24.5188 1.2210e-01      1.084    1470.81     64.009     6.4612 109.384940    7.07353     20.598     1.5926  31.085622  0.000e+00
     20.414     6.1701    31.1822    24.5168 1.2210e-01      1.084    1470.94     63.933     6.4485 109.384941    7.06795     20.609     1.5926  31.114696  0.000e+00
     20.450     6.1816    31.1678    24.5040 1.2210e-01      1.077    1470.97     63.868     6.4408 109.384941    7.06669     20.645     1.5926  31.111222  0.000e+00
     20.474     6.1874    31.1591    24.4964 1.2210e-01      1.084    1470.98     63.792     6.4326 109.384942    7.06613     20.670     1.5926  31.108101  0.000e+00
     20.498     6.1893    31.1475    24.4871 1.2210e-01      1.106    1470.98     63.728     6.4264 109.384942    7.06634     20.694     1.5926  31.099213  0.000e+00
     20.511     6.1846    31.1591    24.4968 1.2210e-01      1.106    1470.97     63.588     6.4125 109.384943    7.06658     20.707     1.5926  31.105865  0.000e+00
     20.545     6.1992    31.1751    24.5076 1.2210e-01      1.114    1471.05     63.504     6.4011 109.384943    7.06339     20.742     1.5926  31.132415  0.000e+00
     20.570     6.2148    31.1634    24.4965 1.2210e-01      1.128    1471.10     63.433     6.3921 109.384944    7.06133     20.766     1.5926  31.134710  0.000e+00
     20.581     6.2092    31.1228    24.4652 1.2210e-01      1.136    1471.03     63.362     6.3875 109.384944    7.06414     20.778     1.5620  31.093443  0.000e+00
     20.618     6.1881    31.0974    24.4476 1.3431e-01      1.143    1470.91     63.279     6.3834 109.384945    7.06885     20.815     1.5926  31.053081  0.000e+00
     20.631     6.1778    31.0804    24.4355 1.3431e-01      1.136    1470.85     63.198     6.3775 109.384945    7.07136     20.829     1.5926  31.029260  0.000e+00
     20.665     6.1438    31.0297    24.3996 1.3431e-01      1.121    1470.65     63.129     6.3777 109.384946    7.07942     20.863     1.5926  30.955491  0.000e+00
     20.677     6.1018    30.9975    24.3792 1.3431e-01      1.114    1470.44     63.049     6.3773 109.384946    7.08800     20.874     1.5620  30.891828  0.000e+00
     20.701     6.0893    30.9940    24.3779 1.3431e-01      1.114    1470.39     62.894     6.3636 109.384946    7.09028     20.899     1.5926  30.878327  0.000e+00
     20.725     6.0917    30.9956    24.3789 1.3431e-01      1.106    1470.40     62.807     6.3544 109.384947    7.08980     20.924     1.5926  30.881790  0.000e+00
     20.750     6.0977    30.9216    24.3198 1.3431e-01      1.099    1470.33     62.734     6.3492 109.384947    7.09221     20.948     1.5620  30.820057  0.000e+00
     20.763     6.0754    30.8926    24.2996 1.3431e-01      1.099    1470.21     62.661     6.3463 109.384948    7.09731     20.961     1.5620  30.775666  0.000e+00
     20.785     6.0888    30.9864    24.3720 1.2210e-01      1.106    1470.38     62.580     6.3322 109.384948    7.09071     20.984     1.5620  30.871166  0.000e+00
     20.821     6.1290    31.0415    24.4107 1.2210e-01      1.114    1470.61     62.514     6.3173 109.384949    7.08137     21.020     1.5926  30.953966  0.000e+00
     20.845     6.1402    31.0267    24.3977 1.2210e-01      1.114    1470.63     62.436     6.3084 109.384949    7.08018     21.045     1.5926  30.949852  0.000e+00
     20.845     6.1522    31.0601    24.4226 1.2210e-01      1.106    1470.72     62.283     6.2897 109.384950    7.07660     21.045     1.5926  30.989930  0.000e+00
     20.883     6.1857    31.1078    24.4562 1.3431e-01      1.099    1470.92     62.199     6.2743 109.384950    7.06877     21.082     1.5620  31.060612  0.000e+00
     20.905     6.2149    31.1558    24.4905 1.3431e-01      1.106    1471.10     62.116     6.2597 109.384951    7.06165     21.105     1.5620  31.128116  0.000e+00
     20.917     6.2461    31.1981    24.5201 1.2210e-01      1.172    1471.27     62.036     6.2453 109.384951    7.05448     21.117     1.5620  31.192199  0.000e+00
     20.941     6.2729    31.2089    24.5254 1.2210e-01      1.245    1471.39     61.957     6.2330 109.384952    7.04949     21.141     1.5620  31.224258  0.000e+00
     20.965     6.2735    31.1023    24.4412 1.2210e-01      1.377    1471.26     61.801     6.2216 109.384952    7.05429     21.166     1.5620  31.128346  0.000e+00
     21.001     6.2214    30.9044    24.2914 1.2210e-01      1.604    1470.81     61.710     6.2281 109.384953    7.07216     21.202     1.5620  30.906320  0.000e+00
     20.990     6.1818    30.8807    24.2775 1.2210e-01      1.853    1470.62     61.621     6.2260 109.384953    7.07992     21.190     1.5926  30.852377  0.000e+00
     21.061     6.1772    30.9593    24.3400 1.2210e-01      2.007    1470.70     61.461     6.2072 109.384954    7.07706     21.262     1.5926  30.919597  0.000e+00
     21.061     6.1789    31.0625    24.4213 1.2210e-01      1.971    1470.84     61.446     6.2012 109.384954    7.07201     21.262     1.5620  31.014149  0.000e+00
     21.085     6.2215    31.1541    24.4884 1.2210e-01      1.963    1471.12     61.294     6.1760 109.384955    7.06062     21.287     1.5620  31.132179  0.000e+00
     21.097     6.2681    31.1977    24.5171 1.2210e-01      1.941    1471.36     61.212     6.1592 109.384955    7.05081     21.298     1.5926  31.210172  0.000e+00
     21.121     6.2955    31.2301    24.5393 1.0989e-01      1.832    1471.51     61.130     6.1457 109.384956    7.04475     21.323     1.5926  31.262169  0.000e+00
     21.157     6.3196    31.2593    24.5594 1.2210e-01      1.685    1471.65     61.052     6.1332 109.384956    7.03938     21.359     1.5620  31.308652  0.000e+00
     21.170     6.3426    31.2856    24.5773 1.2210e-01      1.531    1471.77     60.899     6.1135 109.384957    7.03433     21.372     1.5926  31.351678  0.000e+00
     21.192     6.3638    31.3098    24.5938 1.2210e-01      1.399    1471.89     60.815     6.1010 109.384957    7.02969     21.395     1.5926  31.391183  0.000e+00
     21.228     6.3869    31.3398    24.6146 1.2210e-01      1.333    1472.02     60.735     6.0885 109.384958    7.02448     21.431     1.5926  31.437620  0.000e+00
     21.241     6.4153    31.3490    24.6183 1.2210e-01      1.289    1472.14     60.658     6.0764 109.384958    7.01934     21.444     1.5926  31.469656  0.000e+00
     21.277     6.4249    31.3416    24.6113 1.2210e-01      1.245    1472.17     60.506     6.0601 109.384959    7.01808     21.480     1.5926  31.471015  0.000e+00
     21.288     6.4304    31.3317    24.6028 1.0989e-01      1.209    1472.18     60.423     6.0514 109.384959    7.01761     21.491     1.5620  31.466639  0.000e+00
     21.299     6.4335    31.3284    24.5998 1.0989e-01      1.194    1472.19     60.344     6.0432 109.384959    7.01726     21.503     1.5620  31.466166  0.000e+00
     21.337     6.4364    31.3257    24.5974 1.0989e-01      1.209    1472.20     60.191     6.0276 109.384960    7.01690     21.541     1.5620  31.466166  0.000e+00
     21.362     6.4369    31.3202    24.5929 1.0989e-01      1.216    1472.19     60.109     6.0195 109.384960    7.01706     21.567     1.5620  31.461614  0.000e+00
     21.384     6.4324    31.3091    24.5848 1.0989e-01      1.216    1472.16     60.018     6.0115 109.384961    7.01833     21.588     1.5620  31.447782  0.000e+00
     21.419     6.4243    31.2929    24.5730 1.0989e-01      1.216    1472.11     59.930     6.0045 109.384961    7.02041     21.624     1.5620  31.426330  0.000e+00
     21.432     6.4133    31.2594    24.5479 1.2210e-01      1.209    1472.02     59.846     5.9989 109.384962    7.02378     21.637     1.5620  31.386749  0.000e+00
     21.455     6.3964    31.2177    24.5171 1.2210e-01      1.187    1471.90     59.689     5.9871 109.384962    7.02849     21.660     1.5620  31.334908  0.000e+00
     21.468     6.3840    31.1967    24.5021 1.2210e-01      1.172    1471.83     59.601     5.9809 109.384963    7.03152     21.673     1.5620  31.305578  0.000e+00
     21.503     6.3878    31.2240    24.5232 1.2210e-01      1.179    1471.88     59.519     5.9711 109.384963    7.02964     21.709     1.5620  31.333493  0.000e+00
     21.515     6.4012    31.2184    24.5171 1.2210e-01      1.187    1471.93     59.443     5.9618 109.384964    7.02766     21.721     1.5620  31.339571  0.000e+00
     21.552     6.4055    31.2366    24.5309 1.2210e-01      1.194    1471.97     59.370     5.9532 109.384964    7.02612     21.758     1.5620  31.359644  0.000e+00
     21.578     6.4211    31.2803    24.5635 1.0989e-01      1.179    1472.08     59.303     5.9425 109.384965    7.02152     21.784     1.5620  31.412327  0.000e+00
     21.599     6.4335    31.3387    24.6079 1.0989e-01      1.165    1472.21     59.162     5.9244 109.384965    7.01679     21.806     1.5620  31.475627  0.000e+00
     21.610     6.4732    31.3908    24.6441 1.0989e-01      1.158    1472.43     59.095     5.9102 109.384966    7.00782     21.817     1.5620  31.556134  0.000e+00
     21.648     6.5047    31.4182    24.6617 1.0989e-01      1.158    1472.59     59.019     5.8973 109.384966    7.00137     21.855     1.5620  31.607282  0.000e+00
     21.659     6.5204    31.4046    24.6491 1.0989e-01      1.165    1472.63     58.870     5.8807 109.384967    6.99938     21.866     1.5620  31.608168  0.000e+00
     21.683     6.5260    31.3762    24.6260 1.0989e-01      1.179    1472.62     58.790     5.8730 109.384967    6.99976     21.891     1.5620  31.586969  0.000e+00
