ctd/data/2024/seabird/GF5.cnv
* Sea-Bird SBE 9 Data File:
* FileName = C:\CTD Brukere\UiO Kurs\Geo kurs 2024\GF5.hex
* Software Version Seasave V 7.26.7.121
* Temperature SN = 5352
* Conductivity SN = 3840
* Number of Bytes Per Scan = 38
* Number of Voltage Words = 5
* Number of Scans Averaged by the Deck Unit = 1
* NMEA Latitude = 59 53.23 N
* NMEA Longitude = 010 39.50 E
* NMEA UTC (Time) = Apr 18 2024 09:21:08
* NMEA baud rate = 4800
** Ship: R/V Trygve Braarud
** Cruise:
** Station:
** Operator:
# nquan = 15
# nvalues = 3672                                  
# units = specified
# name 0 = depSM: Depth [salt water, m]
# name 1 = t090C: Temperature [ITS-90, deg C]
# name 2 = sal00: Salinity, Practical [PSU]
# name 3 = sigma-t00: Density [sigma-t, kg/m^3 ]
# name 4 = flSP: Fluorescence, Seapoint
# name 5 = seaTurbMtr: Turbidity, Seapoint [FTU]
# name 6 = svCM: Sound Velocity [Chen-Millero, m/s]
# name 7 = sbeox0PS: Oxygen, SBE 43 [% saturation]
# name 8 = sbeox0Mg/L: Oxygen, SBE 43 [mg/l]
# name 9 = timeJ: Julian Days
# name 10 = oxsatML/L: Oxygen Saturation, Weiss [ml/l]
# name 11 = prDM: Pressure, Digiquartz [db]
# name 12 = wetStar: Fluorescence, WET Labs WETstar [mg/m^3]
# name 13 = c0mS/cm: Conductivity [mS/cm]
# name 14 = flag:  0.000e+00
# span 0 =      0.168,     64.711                 
# span 1 =     4.2719,     7.8640                 
# span 2 =    20.0004,    32.7336                 
# span 3 =    15.6831,    25.5147                 
# span 4 = 6.1050e-02, 1.8193e+00                 
# span 5 =      0.952,     19.641                 
# span 6 =    1456.47,    1480.20                 
# span 7 =     43.907,     86.562                 
# span 8 =     4.6035,     9.3494                 
# span 9 = 109.389780, 109.391550                 
# span 10 =    6.72582,    7.65016                
# span 11 =      0.169,     65.336                
# span 12 =    -0.3000,     3.6377                
# span 13 =  20.918526,  33.999361                
# span 14 = 0.0000e+00, 0.0000e+00                
# interval = seconds: 0.0416667
# start_time = Apr 18 2024 09:21:17 [System UTC, first data scan.]
# bad_flag = -9.990e-29
*END*
[from data line 97]
      0.228     6.3169    20.4902    16.0810 4.8840e-01      1.392    1457.79     80.235     8.6555 109.389827    7.55222      0.230    -0.3000  21.310265  0.000e+00
      0.241     6.3253    20.4324    16.0347 6.3492e-01      1.414    1457.76     80.623     8.6989 109.389827    7.55353      0.243    -0.3000  21.260002  0.000e+00
      0.254     6.3358    20.3743    15.9880 6.4713e-01      1.451    1457.73     80.927     8.7329 109.389828    7.55448      0.256    -0.3000  21.210651  0.000e+00
      0.254     6.3352    20.3675    15.9828 5.3724e-01      1.480    1457.71     81.240     8.7672 109.389828    7.55492      0.256    -0.3000  21.203876  0.000e+00
      0.239     6.3137    20.4073    16.0160 4.2735e-01      1.495    1457.68     81.484     8.7957 109.389829    7.55689      0.241    -0.1168  21.229495  0.000e+00
      0.254     6.2914    20.4065    16.0175 3.5409e-01      1.502    1457.58     81.790     8.8335 109.389829    7.56103      0.256     1.5926  21.215993  0.000e+00
      0.265     6.2783    20.3803    15.9982 3.6630e-01      1.509    1457.50     82.081     8.8693 109.389830    7.56471      0.267     2.5694  21.183660  0.000e+00
      0.265     6.2646    20.3679    15.9897 4.3956e-01      1.516    1457.43     82.357     8.9028 109.389830    7.56782      0.267     2.5694  21.164115  0.000e+00
      0.276     6.2551    20.3650    15.9883 4.2735e-01      1.502    1457.38     82.623     8.9338 109.389831    7.56971      0.279     2.6915  21.155909  0.000e+00
      0.276     6.2496    20.3727    15.9948 4.7619e-01      1.509    1457.37     82.869     8.9611 109.389831    7.57035      0.279     2.6304  21.160064  0.000e+00
      0.276     6.2406    20.3792    16.0008 4.8840e-01      1.509    1457.34     83.113     8.9890 109.389832    7.57169      0.279     2.0504  21.161142  0.000e+00
      0.276     6.2479    20.3566    15.9824 3.9072e-01      1.509    1457.34     83.333     9.0126 109.389832    7.57146      0.279     1.4094  21.143858  0.000e+00
      0.276     6.2664    20.3225    15.9538 4.0293e-01      1.502    1457.38     83.458     9.0241 109.389833    7.56975      0.279     0.8600  21.121914  0.000e+00
      0.288     6.2583    20.3149    15.9486 4.6398e-01      1.495    1457.33     83.675     9.0498 109.389833    7.57160      0.290     0.4021  21.110126  0.000e+00
      0.289     6.2512    20.3134    15.9481 4.2735e-01      1.487    1457.30     83.885     9.0742 109.389834    7.57299      0.292     0.9821  21.104592  0.000e+00
      0.289     6.2755    20.2850    15.9235 3.6630e-01      1.495    1457.37     83.979     9.0807 109.389834    7.56993      0.292     1.5010  21.091421  0.000e+00
      0.276     6.2983    20.2529    15.8961 3.5409e-01      1.524    1457.42     84.147     9.0958 109.389835    7.56732      0.279     1.4705  21.073797  0.000e+00
      0.288     6.3065    20.2370    15.8828 3.4188e-01      1.560    1457.43     84.239     9.1050 109.389835    7.56661      0.290     2.0199  21.063246  0.000e+00
      0.276     6.3159    20.2293    15.8759 3.2967e-01      1.597    1457.46     84.404     9.1212 109.389836    7.56526      0.279    -0.3000  21.061248  0.000e+00
      0.289     6.3319    20.2202    15.8672 3.1746e-01      1.604    1457.52     84.481     9.1266 109.389836    7.56280      0.292    -0.3000  21.061554  0.000e+00
      0.276     6.3404    20.2130    15.8608 4.0293e-01      1.575    1457.54     84.641     9.1424 109.389837    7.56158      0.279    -0.3000  21.059505  0.000e+00
      0.276     6.3361    20.2167    15.8641 5.6166e-01      1.560    1457.53     84.737     9.1535 109.389837    7.56219      0.279    -0.3000  21.060632  0.000e+00
      0.276     6.3263    20.2304    15.8758 5.4945e-01      1.531    1457.51     84.913     9.1739 109.389837    7.56332      0.279    -0.3000  21.068110  0.000e+00
      0.265     6.3106    20.2511    15.8935 4.8840e-01      1.516    1457.47     85.018     9.1874 109.389838    7.56517      0.267    -0.3000  21.078970  0.000e+00
      0.265     6.2908    20.2732    15.9128 4.0293e-01      1.509    1457.41     85.192     9.2092 109.389838    7.56770      0.267     0.8905  21.088858  0.000e+00
      0.263     6.2751    20.2914    15.9285 4.8840e-01      1.516    1457.37     85.295     9.2227 109.389839    7.56968      0.266     2.1115  21.097262  0.000e+00
      0.265     6.2677    20.3045    15.9395 5.0061e-01      1.531    1457.36     85.378     9.2325 109.389839    7.57040      0.267     2.7525  21.105513  0.000e+00
      0.254     6.2610    20.3228    15.9545 4.3956e-01      1.531    1457.35     85.460     9.2418 109.389840    7.57072      0.256     3.0883  21.119095  0.000e+00
      0.254     6.2642    20.3368    15.9653 4.0293e-01      1.524    1457.38     85.599     9.2553 109.389840    7.56945      0.256     3.3020  21.134269  0.000e+00
      0.254     6.2658    20.3502    15.9757 2.6862e-01      1.509    1457.41     85.676     9.2625 109.389841    7.56849      0.256     3.4546  21.147908  0.000e+00
      0.252     6.2560    20.3708    15.9928 3.1746e-01      1.502    1457.39     85.757     9.2721 109.389841    7.56928      0.254     3.5767  21.161910  0.000e+00
      0.229     6.2483    20.3887    16.0076 3.4188e-01      1.509    1457.38     85.903     9.2885 109.389842    7.56981      0.231     3.6072  21.174530  0.000e+00
      0.241     6.2431    20.4109    16.0255 3.0525e-01      1.524    1457.39     85.984     9.2971 109.389842    7.56965      0.243     3.6072  21.192745  0.000e+00
      0.241     6.2357    20.4502    16.0571 3.2967e-01      1.516    1457.41     85.983     9.2962 109.389843    7.56908      0.243     3.6377  21.225803  0.000e+00
      0.228     6.2550    20.4691    16.0702 4.0293e-01      1.495    1457.51     86.013     9.2940 109.389843    7.56460      0.230     3.6072  21.254818  0.000e+00
      0.229     6.2820    20.4732    16.0709 4.6398e-01      1.502    1457.63     86.107     9.2978 109.389844    7.55946      0.231     3.6072  21.274082  0.000e+00
      0.241     6.3155    20.4620    16.0589 4.5177e-01      1.516    1457.75     86.057     9.2857 109.389844    7.55387      0.243     2.9967  21.282559  0.000e+00
      0.218     6.3471    20.4125    16.0170 4.1514e-01      1.495    1457.82     86.082     9.2843 109.389845    7.55053      0.220     0.7684  21.253528  0.000e+00
      0.239     6.3656    20.3582    15.9726 4.6398e-01      1.487    1457.83     86.118     9.2874 109.389845    7.54983      0.241    -0.3000  21.212241  0.000e+00
      0.229     6.3787    20.3274    15.9471 4.5177e-01      1.502    1457.84     86.155     9.2904 109.389846    7.54894      0.231    -0.1474  21.190324  0.000e+00
      0.218     6.3860    20.3177    15.9387 4.8840e-01      1.538    1457.86     86.131     9.2867 109.389846    7.54809      0.220     0.8294  21.185192  0.000e+00
      0.229     6.3870    20.3158    15.9372 6.7155e-01      1.568    1457.86     86.253     9.2998 109.389847    7.54799      0.231     1.6536  21.184012  0.000e+00
      0.228     6.3869    20.3190    15.9397 6.5934e-01      1.568    1457.87     86.310     9.3058 109.389847    7.54786      0.230     2.3862  21.186988  0.000e+00
      0.229     6.3883    20.3276    15.9463 5.3724e-01      1.546    1457.88     86.288     9.3026 109.389848    7.54718      0.231     2.8746  21.195968  0.000e+00
      0.229     6.3897    20.3367    15.9533 4.3956e-01      1.531    1457.90     86.344     9.3077 109.389848    7.54649      0.231     2.9967  21.205412  0.000e+00
      0.229     6.3920    20.3386    15.9547 3.7851e-01      1.502    1457.91     86.322     9.3047 109.389849    7.54597      0.231     3.1188  21.208594  0.000e+00
      0.228     6.3881    20.3330    15.9506 3.0525e-01      1.509    1457.89     86.451     9.3198 109.389849    7.54695      0.230     3.1799  21.201049  0.000e+00
      0.229     6.3862    20.3255    15.9449 2.5641e-01      1.553    1457.87     86.437     9.3192 109.389850    7.54768      0.231     2.4473  21.192787  0.000e+00
      0.218     6.3881    20.3203    15.9406 3.1746e-01      1.590    1457.87     86.411     9.3163 109.389850    7.54758      0.220     1.1042  21.188887  0.000e+00
      0.229     6.3899    20.3183    15.9389 4.1514e-01      1.597    1457.88     86.455     9.3207 109.389851    7.54735      0.231     1.1042  21.188014  0.000e+00
      0.216     6.3916    20.3174    15.9380 5.2503e-01      1.560    1457.88     86.437     9.3185 109.389851    7.54707      0.218     0.9515  21.188168  0.000e+00
      0.218     6.3941    20.3187    15.9388 5.6166e-01      1.516    1457.89     86.491     9.3237 109.389851    7.54657      0.220    -0.3000  21.190733  0.000e+00
      0.218     6.3969    20.3250    15.9435 5.0061e-01      1.502    1457.91     86.473     9.3208 109.389852    7.54574      0.220    -0.3000  21.198380  0.000e+00
      0.218     6.4029    20.3310    15.9476 4.3956e-01      1.509    1457.95     86.513     9.3234 109.389852    7.54435      0.220    -0.3000  21.207515  0.000e+00
      0.228     6.4075    20.3370    15.9519 4.7619e-01      1.524    1457.97     86.562     9.3272 109.389853    7.54322      0.230    -0.3000  21.215882  0.000e+00
      0.205     6.4088    20.3422    15.9559 5.1282e-01      1.524    1457.98     86.544     9.3247 109.389853    7.54272      0.207    -0.3000  21.221581  0.000e+00
      0.218     6.4096    20.3453    15.9582 4.3956e-01      1.487    1457.99     86.525     9.3222 109.389854    7.54242      0.220    -0.3000  21.225021  0.000e+00
      0.218     6.4107    20.3454    15.9582 3.7851e-01      1.473    1458.00     86.503     9.3196 109.389854    7.54223      0.220    -0.3000  21.225688  0.000e+00
      0.216     6.4118    20.3453    15.9580 3.5409e-01      1.458    1458.00     86.480     9.3169 109.389855    7.54202      0.218    -0.3000  21.226253  0.000e+00
      0.205     6.4125    20.3434    15.9565 3.5409e-01      1.458    1458.00     86.534     9.3227 109.389855    7.54199      0.207    -0.3000  21.224867  0.000e+00
      0.218     6.4124    20.3417    15.9551 3.1746e-01      1.473    1458.00     86.524     9.3217 109.389856    7.54209      0.220    -0.3000  21.223121  0.000e+00
      0.205     6.4115    20.3416    15.9552 2.9304e-01      1.480    1457.99     86.504     9.3198 109.389856    7.54225      0.207    -0.3000  21.222608  0.000e+00
      0.216     6.4108    20.3396    15.9537 3.2967e-01      1.465    1457.99     86.486     9.3182 109.389857    7.54249      0.218    -0.3000  21.220246  0.000e+00
      0.218     6.4083    20.3370    15.9518 4.0293e-01      1.458    1457.98     86.473     9.3174 109.389857    7.54307      0.220    -0.3000  21.216344  0.000e+00
      0.205     6.4068    20.3365    15.9516 3.9072e-01      1.443    1457.97     86.450     9.3153 109.389858    7.54337      0.207    -0.3000  21.215010  0.000e+00
      0.205     6.4072    20.3363    15.9514 3.5409e-01      1.429    1457.97     86.430     9.3131 109.389858    7.54330      0.207    -0.3000  21.215010  0.000e+00
      0.216     6.4096    20.3308    15.9468 3.0525e-01      1.421    1457.97     86.402     9.3099 109.389859    7.54314      0.218     0.6158  21.211108  0.000e+00
      0.218     6.4106    20.3278    15.9444 3.1746e-01      1.421    1457.97     86.457     9.3158 109.389859    7.54311      0.220     2.0810  21.208850  0.000e+00
      0.218     6.4114    20.3285    15.9449 3.4188e-01      1.429    1457.98     86.442     9.3139 109.389860    7.54293      0.220     2.8441  21.209979  0.000e+00
      0.218     6.4119    20.3308    15.9466 3.5409e-01      1.443    1457.98     86.433     9.3127 109.389860    7.54271      0.220     3.1799  21.212443  0.000e+00
      0.203     6.4122    20.3316    15.9472 3.2967e-01      1.451    1457.98     86.420     9.3112 109.389861    7.54262      0.205     3.1188  21.213418  0.000e+00
      0.229     6.4139    20.3240    15.9411 3.2967e-01      1.465    1457.98     86.338     9.3024 109.389861    7.54268      0.231     0.0968  21.207104  0.000e+00
      0.218     6.4140    20.2966    15.9195 4.8840e-01      1.495    1457.95     86.320     9.3021 109.389862    7.54402      0.220    -0.3000  21.180983  0.000e+00
      0.218     6.4147    20.2620    15.8923 5.7387e-01      1.502    1457.91     86.311     9.3031 109.389862    7.54559      0.220    -0.3000  21.148359  0.000e+00
      0.218     6.4173    20.2407    15.8753 5.1282e-01      1.495    1457.89     86.300     9.3027 109.389863    7.54617      0.220     0.5852  21.129490  0.000e+00
      0.228     6.4197    20.2285    15.8655 4.3956e-01      1.487    1457.89     86.288     9.3017 109.389863    7.54633      0.230     1.4705  21.119187  0.000e+00
      0.218     6.4229    20.2221    15.8601 3.9072e-01      1.480    1457.89     86.276     9.3000 109.389864    7.54607      0.220    -0.3000  21.114830  0.000e+00
      0.218     6.4229    20.2272    15.8642 4.2735e-01      1.473    1457.90     86.279     9.3000 109.389864    7.54581      0.220    -0.3000  21.119750  0.000e+00
      0.218     6.4198    20.2413    15.8755 4.7619e-01      1.473    1457.90     86.285     9.3005 109.389864    7.54567      0.220    -0.3000  21.131490  0.000e+00
      0.216     6.4176    20.2556    15.8870 5.0061e-01      1.480    1457.91     86.216     9.2927 109.389865    7.54538      0.218    -0.3000  21.143898  0.000e+00
      0.218     6.4148    20.2750    15.9025 5.3724e-01      1.502    1457.92     86.227     9.2933 109.389865    7.54494      0.220    -0.3000  21.160822  0.000e+00
      0.218     6.4160    20.3139    15.9329 5.1282e-01      1.516    1457.98     86.239     9.2919 109.389866    7.54280      0.220     0.6463  21.198635  0.000e+00
      0.218     6.4254    20.3601    15.9684 5.2503e-01      1.524    1458.07     86.238     9.2869 109.389866    7.53881      0.220     1.9589  21.248129  0.000e+00
      0.216     6.4301    20.3943    15.9948 5.8608e-01      1.516    1458.14     86.244     9.2844 109.389867    7.53627      0.218     2.5694  21.283476  0.000e+00
      0.205     6.4279    20.4086    16.0063 5.6166e-01      1.509    1458.15     86.195     9.2787 109.389867    7.53597      0.207     1.6841  21.295914  0.000e+00
      0.205     6.4263    20.4118    16.0089 5.3724e-01      1.502    1458.14     86.205     9.2800 109.389868    7.53611      0.207     1.6536  21.298022  0.000e+00
      0.218     6.4232    20.4154    16.0121 3.7851e-01      1.509    1458.13     86.146     9.2741 109.389868    7.53651      0.220     1.8368  21.299667  0.000e+00
      0.203     6.4205    20.4191    16.0152 2.8083e-01      1.524    1458.13     86.159     9.2759 109.389869    7.53682      0.205     2.0504  21.301672  0.000e+00
      0.205     6.4201    20.4196    16.0157 2.5641e-01      1.538    1458.13     86.177     9.2779 109.389869    7.53685      0.207     1.8062  21.301980  0.000e+00
      0.205     6.4203    20.4148    16.0119 3.0525e-01      1.568    1458.12     86.115     9.2715 109.389870    7.53706      0.207     0.7989  21.297457  0.000e+00
      0.205     6.4178    20.4106    16.0088 3.6630e-01      1.582    1458.11     86.141     9.2750 109.389870    7.53772      0.207     0.6463  21.292008  0.000e+00
      0.216     6.4133    20.4145    16.0123 3.5409e-01      1.597    1458.09     86.100     9.2715 109.389871    7.53835      0.218     1.4705  21.293191  0.000e+00
      0.205     6.4099    20.4201    16.0170 2.9304e-01      1.619    1458.09     86.200     9.2825 109.389871    7.53868      0.207     2.3557  21.296635  0.000e+00
      0.218     6.4060    20.3858    15.9904 3.4188e-01      1.626    1458.03     86.167     9.2820 109.389872    7.54110      0.220     2.9051  21.261537  0.000e+00
      0.205     6.4002    20.3302    15.9472 4.3956e-01      1.619    1457.93     86.123     9.2820 109.389872    7.54488      0.207     3.2409  21.205206  0.000e+00
