ctd/data/2024/seabird/GF5.cnv
* Sea-Bird SBE 9 Data File:
* FileName = C:\CTD Brukere\UiO Kurs\Geo kurs 2024\GF5.hex
* Software Version Seasave V 7.26.7.121
* Temperature SN = 5352
* Conductivity SN = 3840
* Number of Bytes Per Scan = 38
* Number of Voltage Words = 5
* Number of Scans Averaged by the Deck Unit = 1
* NMEA Latitude = 59 53.23 N
* NMEA Longitude = 010 39.50 E
* NMEA UTC (Time) = Apr 18 2024 09:21:08
* NMEA baud rate = 4800
** Ship: R/V Trygve Braarud
** Cruise:
** Station:
** Operator:
# nquan = 15
# nvalues = 3672                                  
# units = specified
# name 0 = depSM: Depth [salt water, m]
# name 1 = t090C: Temperature [ITS-90, deg C]
# name 2 = sal00: Salinity, Practical [PSU]
# name 3 = sigma-t00: Density [sigma-t, kg/m^3 ]
# name 4 = flSP: Fluorescence, Seapoint
# name 5 = seaTurbMtr: Turbidity, Seapoint [FTU]
# name 6 = svCM: Sound Velocity [Chen-Millero, m/s]
# name 7 = sbeox0PS: Oxygen, SBE 43 [% saturation]
# name 8 = sbeox0Mg/L: Oxygen, SBE 43 [mg/l]
# name 9 = timeJ: Julian Days
# name 10 = oxsatML/L: Oxygen Saturation, Weiss [ml/l]
# name 11 = prDM: Pressure, Digiquartz [db]
# name 12 = wetStar: Fluorescence, WET Labs WETstar [mg/m^3]
# name 13 = c0mS/cm: Conductivity [mS/cm]
# name 14 = flag:  0.000e+00
# span 0 =      0.168,     64.711                 
# span 1 =     4.2719,     7.8640                 
# span 2 =    20.0004,    32.7336                 
# span 3 =    15.6831,    25.5147                 
# span 4 = 6.1050e-02, 1.8193e+00                 
# span 5 =      0.952,     19.641                 
# span 6 =    1456.47,    1480.20                 
# span 7 =     43.907,     86.562                 
# span 8 =     4.6035,     9.3494                 
# span 9 = 109.389780, 109.391550                 
# span 10 =    6.72582,    7.65016                
# span 11 =      0.169,     65.336                
# span 12 =    -0.3000,     3.6377                
# span 13 =  20.918526,  33.999361                
# span 14 = 0.0000e+00, 0.0000e+00                
# interval = seconds: 0.0416667
# start_time = Apr 18 2024 09:21:17 [System UTC, first data scan.]
# bad_flag = -9.990e-29
*END*
[from data line 1832]
     32.980     7.0694    31.9684    25.0222 1.0989e-01      1.495    1475.68     49.735     4.8872 109.390664    6.88449     33.297     1.3178  32.592454  0.000e+00
     32.967     7.0593    31.9335    24.9961 1.0989e-01      1.414    1475.60     49.744     4.8904 109.390664    6.88768     33.284     1.3178  32.551722  0.000e+00
     33.003     7.0476    31.8963    24.9684 1.0989e-01      1.348    1475.51     49.757     4.8942 109.390665    6.89121     33.320     1.3178  32.507598  0.000e+00
     33.003     7.0302    31.8718    24.9514 9.7680e-02      1.304    1475.41     49.773     4.8985 109.390665    6.89512     33.320     1.3178  32.470139  0.000e+00
     33.026     7.0179    31.8593    24.9432 9.7680e-02      1.275    1475.35     49.791     4.9021 109.390666    6.89766     33.342     1.3178  32.448245  0.000e+00
     33.063     7.0124    31.8532    24.9391 9.7680e-02      1.260    1475.32     49.800     4.9038 109.390666    6.89882     33.380     1.3178  32.438018  0.000e+00
     33.074     7.0075    31.8574    24.9431 9.7680e-02      1.231    1475.30     49.811     4.9053 109.390666    6.89942     33.392     1.3484  32.437660  0.000e+00
     33.099     7.0070    31.8740    24.9562 9.7680e-02      1.223    1475.32     49.825     4.9061 109.390667    6.89875     33.416     1.3484  32.452553  0.000e+00
     33.123     7.0101    31.8931    24.9708 9.7680e-02      1.231    1475.36     49.840     4.9066 109.390667    6.89741     33.441     1.3484  32.472714  0.000e+00
     33.146     7.0148    31.9114    24.9846 9.7680e-02      1.260    1475.40     49.857     4.9072 109.390668    6.89583     33.464     1.3484  32.493537  0.000e+00
     33.159     7.0251    31.9147    24.9858 9.7680e-02      1.275    1475.44     49.864     4.9067 109.390668    6.89402     33.477     1.3484  32.505327  0.000e+00
     33.183     7.0265    31.9081    24.9804 9.7680e-02      1.260    1475.44     49.874     4.9077 109.390669    6.89409     33.501     1.3484  32.500479  0.000e+00
     33.206     7.0211    31.9009    24.9755 1.0989e-01      1.253    1475.41     49.887     4.9098 109.390669    6.89528     33.524     1.3484  32.489288  0.000e+00
     33.219     7.0139    31.8918    24.9693 1.0989e-01      1.253    1475.37     49.902     4.9124 109.390670    6.89685     33.537     1.3484  32.474808  0.000e+00
     33.243     7.0061    31.8963    24.9739 1.0989e-01      1.245    1475.35     49.918     4.9147 109.390670    6.89791     33.562     1.3484  32.472296  0.000e+00
     33.266     7.0048    31.9122    24.9866 1.0989e-01      1.245    1475.36     49.936     4.9161 109.390671    6.89740     33.585     1.3484  32.485819  0.000e+00
     33.292     7.0116    31.9194    24.9913 9.7680e-02      1.297    1475.40     49.878     4.9094 109.390671    6.89598     33.611     1.3484  32.498266  0.000e+00
     33.303     7.0163    31.9111    24.9842 9.7680e-02      1.355    1475.41     49.965     4.9177 109.390672    6.89560     33.623     1.3484  32.494615  0.000e+00
     33.326     7.0176    31.9032    24.9778 9.7680e-02      1.341    1475.40     49.977     4.9190 109.390672    6.89575     33.646     1.3484  32.488451  0.000e+00
     33.326     7.0177    31.8993    24.9747 1.0989e-01      1.297    1475.40     49.914     4.9129 109.390673    6.89589     33.646     1.3484  32.485040  0.000e+00
     33.386     7.0179    31.8948    24.9711 1.0989e-01      1.253    1475.40     49.995     4.9210 109.390673    6.89607     33.706     1.3178  32.481031  0.000e+00
     33.386     7.0176    31.8905    24.9678 9.7680e-02      1.231    1475.39     49.935     4.9153 109.390674    6.89632     33.706     1.3178  32.476783  0.000e+00
     33.410     7.0172    31.8845    24.9631 9.7680e-02      1.238    1475.38     49.943     4.9162 109.390674    6.89664     33.731     1.3178  32.471039  0.000e+00
     33.435     7.0162    31.8857    24.9642 9.7680e-02      1.231    1475.38     49.952     4.9173 109.390675    6.89675     33.755     1.3178  32.471278  0.000e+00
     33.446     7.0145    31.8945    24.9713 9.7680e-02      1.238    1475.38     49.963     4.9183 109.390675    6.89663     33.767     1.3178  32.477920  0.000e+00
     33.470     7.0149    31.9049    24.9795 9.7680e-02      1.260    1475.40     49.976     4.9192 109.390676    6.89611     33.791     1.3178  32.487793  0.000e+00
     33.495     7.0212    31.9066    24.9800 9.7680e-02      1.267    1475.43     49.979     4.9187 109.390676    6.89500     33.816     1.3484  32.494795  0.000e+00
     33.495     7.0224    31.9091    24.9818 9.7680e-02      1.407    1475.43     49.984     4.9189 109.390677    6.89470     33.816     1.3178  32.498086  0.000e+00
     33.543     7.0209    31.9193    24.9900 9.7680e-02      1.656    1475.44     49.990     4.9194 109.390677    6.89448     33.865     1.2873  32.506226  0.000e+00
     33.555     7.0203    31.9323    25.0003 9.7680e-02      1.626    1475.45     49.998     4.9198 109.390678    6.89401     33.877     1.2873  32.517600  0.000e+00
     33.579     7.0243    31.9294    24.9975 9.7680e-02      1.487    1475.47     50.006     4.9202 109.390678    6.89349     33.901     1.3178  32.518377  0.000e+00
     33.590     7.0236    31.9274    24.9960 1.0989e-01      1.370    1475.46     50.093     4.9289 109.390679    6.89369     33.913     1.3178  32.515983  0.000e+00
     33.626     7.0216    31.9405    25.0066 1.0989e-01      1.311    1475.47     50.116     4.9310 109.390679    6.89344     33.949     1.3178  32.526280  0.000e+00
     33.626     7.0249    31.9576    25.0196 1.0989e-01      1.282    1475.51     50.062     4.9247 109.390679    6.89213     33.949     1.2873  32.544841  0.000e+00
     33.662     7.0311    31.9766    25.0337 9.7680e-02      1.260    1475.55     50.063     4.9235 109.390680    6.89028     33.985     1.2873  32.567599  0.000e+00
     33.675     7.0436    31.9891    25.0419 9.7680e-02      1.253    1475.62     50.076     4.9230 109.390680    6.88771     33.998     1.2873  32.589763  0.000e+00
     33.698     7.0601    31.9941    25.0437 9.7680e-02      1.245    1475.69     50.078     4.9212 109.390681    6.88485     34.021     1.2873  32.608396  0.000e+00
     33.724     7.0658    32.0078    25.0537 9.7680e-02      1.223    1475.73     50.083     4.9206 109.390681    6.88330     34.047     1.2873  32.626016  0.000e+00
     33.735     7.0689    32.0243    25.0663 9.7680e-02      1.216    1475.76     50.089     4.9202 109.390682    6.88208     34.058     1.2873  32.643760  0.000e+00
     33.758     7.0747    32.0316    25.0713 9.7680e-02      1.209    1475.79     50.095     4.9200 109.390682    6.88082     34.081     1.2873  32.655451  0.000e+00
     33.782     7.0782    32.0290    25.0688 9.7680e-02      1.216    1475.80     50.179     4.9279 109.390683    6.88038     34.106     1.2873  32.656050  0.000e+00
     33.795     7.0803    32.0091    25.0528 9.7680e-02      1.216    1475.79     50.198     4.9302 109.390683    6.88093     34.119     1.2873  32.639502  0.000e+00
     33.831     7.0783    31.9801    25.0302 9.7680e-02      1.216    1475.74     50.207     4.9322 109.390684    6.88254     34.155     1.2873  32.611152  0.000e+00
     33.842     7.0710    31.9560    25.0123 9.7680e-02      1.209    1475.69     50.140     4.9272 109.390684    6.88479     34.167     1.3178  32.582811  0.000e+00
     33.831     7.0609    31.9335    24.9959 1.0989e-01      1.209    1475.62     50.227     4.9376 109.390685    6.88742     34.155     1.2873  32.553402  0.000e+00
     33.915     7.0553    31.9098    24.9780 1.2210e-01      1.238    1475.57     50.237     4.9401 109.390685    6.88938     34.240     1.2873  32.526876  0.000e+00
     33.891     7.0513    31.8957    24.9674 1.2210e-01      1.238    1475.54     50.247     4.9419 109.390686    6.89066     34.216     1.2873  32.510474  0.000e+00
     33.926     7.0486    31.8905    24.9637 1.0989e-01      1.238    1475.52     50.256     4.9434 109.390686    6.89132     34.252     1.2873  32.503411  0.000e+00
     33.938     7.0442    31.8860    24.9607 1.0989e-01      1.223    1475.50     50.266     4.9450 109.390687    6.89223     34.263     1.2873  32.495571  0.000e+00
     33.975     7.0409    31.8790    24.9557 9.7680e-02      1.209    1475.48     50.276     4.9465 109.390687    6.89307     34.301     1.2873  32.486356  0.000e+00
     33.975     7.0393    31.8739    24.9518 9.7680e-02      1.201    1475.46     50.285     4.9478 109.390688    6.89356     34.301     1.2873  32.480253  0.000e+00
     33.986     7.0380    31.8735    24.9517 8.5470e-02      1.201    1475.46     50.295     4.9489 109.390688    6.89379     34.312     1.2568  32.478817  0.000e+00
     34.046     7.0379    31.8717    24.9503 9.7680e-02      1.223    1475.46     50.304     4.9499 109.390689    6.89389     34.373     1.2873  32.477082  0.000e+00
     34.046     7.0360    31.8729    24.9515 9.7680e-02      1.231    1475.45     50.314     4.9510 109.390689    6.89414     34.373     1.2873  32.476603  0.000e+00
     34.071     7.0332    31.8784    24.9562 1.0989e-01      1.238    1475.45     50.324     4.9521 109.390690    6.89434     34.398     1.2568  32.479296  0.000e+00
     34.082     7.0320    31.8843    24.9610 9.7680e-02      1.253    1475.45     50.333     4.9530 109.390690    6.89428     34.409     1.2873  32.483605  0.000e+00
     34.107     7.0320    31.8889    24.9646 9.7680e-02      1.289    1475.45     50.419     4.9613 109.390691    6.89407     34.434     1.2873  32.487853  0.000e+00
     34.131     7.0323    31.8886    24.9644 9.7680e-02      1.326    1475.46     50.439     4.9633 109.390691    6.89403     34.458     1.2873  32.487913  0.000e+00
     34.155     7.0308    31.8872    24.9634 9.7680e-02      1.326    1475.45     50.459     4.9654 109.390692    6.89433     34.483     1.3178  32.485400  0.000e+00
     34.178     7.0296    31.8932    24.9683 9.7680e-02      1.311    1475.45     50.478     4.9672 109.390692    6.89426     34.506     1.3178  32.489829  0.000e+00
     34.202     7.0303    31.9132    24.9839 9.7680e-02      1.297    1475.48     50.496     4.9683 109.390693    6.89325     34.530     1.2873  32.508861  0.000e+00
     34.214     7.0321    31.9292    24.9963 9.7680e-02      1.282    1475.51     50.514     4.9693 109.390693    6.89224     34.542     1.2873  32.525143  0.000e+00
     34.227     7.0369    31.9475    25.0101 1.2210e-01      1.275    1475.55     50.531     4.9699 109.390693    6.89065     34.555     1.2873  32.546099  0.000e+00
     34.262     7.0483    31.9970    25.0475 1.4652e-01      1.289    1475.66     50.624     4.9760 109.390694    6.88661     34.591     1.2873  32.601268  0.000e+00
     34.275     7.0804    32.0665    25.0979 1.3431e-01      1.275    1475.87     50.570     4.9648 109.390694    6.87835     34.604     1.2873  32.692635  0.000e+00
     34.298     7.1132    32.1043    25.1233 1.0989e-01      1.260    1476.04     50.570     4.9599 109.390695    6.87141     34.627     1.2873  32.755459  0.000e+00
     34.334     7.1299    32.1024    25.1196 9.7680e-02      1.260    1476.11     50.659     4.9668 109.390695    6.86881     34.663     1.2873  32.768125  0.000e+00
     34.334     7.1313    32.0926    25.1117 9.7680e-02      1.260    1476.10     50.684     4.9693 109.390696    6.86903     34.663     1.2873  32.760260  0.000e+00
     34.371     7.1292    32.0774    25.1000 9.7680e-02      1.253    1476.07     50.697     4.9713 109.390696    6.87004     34.701     1.2873  32.744533  0.000e+00
     34.382     7.1261    32.0622    25.0885 9.7680e-02      1.245    1476.04     50.720     4.9744 109.390697    6.87122     34.712     1.2568  32.727849  0.000e+00
     34.407     7.1216    32.0582    25.0859 9.7680e-02      1.253    1476.02     50.731     4.9762 109.390697    6.87211     34.737     1.2873  32.720349  0.000e+00
     34.442     7.1200    32.0663    25.0926 8.5470e-02      1.253    1476.02     50.740     4.9770 109.390698    6.87201     34.773     1.2873  32.726470  0.000e+00
     34.442     7.1259    32.0690    25.0939 8.5470e-02      1.238    1476.05     50.746     4.9768 109.390698    6.87094     34.773     1.2568  32.734031  0.000e+00
     34.478     7.1197    32.0743    25.0989 8.5470e-02      1.238    1476.03     50.753     4.9781 109.390699    6.87170     34.809     1.2873  32.733551  0.000e+00
     34.467     7.1099    32.0762    25.1016 8.5470e-02      1.231    1476.00     50.836     4.9872 109.390699    6.87318     34.797     1.2873  32.726891  0.000e+00
     34.551     7.1049    32.0691    25.0968 9.7680e-02      1.231    1475.97     50.851     4.9895 109.390700    6.87430     34.883     1.2873  32.716151  0.000e+00
     34.538     7.1024    32.0663    25.0949 8.5470e-02      1.231    1475.96     50.863     4.9911 109.390700    6.87483     34.870     1.2873  32.711411  0.000e+00
     34.563     7.1060    32.0635    25.0922 9.7680e-02      1.231    1475.97     50.873     4.9917 109.390701    6.87437     34.894     1.2873  32.711950  0.000e+00
     34.574     7.1087    32.0673    25.0948 9.7680e-02      1.223    1475.98     50.881     4.9921 109.390701    6.87377     34.906     1.2873  32.717770  0.000e+00
     34.598     7.1124    32.0781    25.1028 9.7680e-02      1.238    1476.01     50.887     4.9919 109.390702    6.87269     34.930     1.2568  32.730852  0.000e+00
     34.623     7.1163    32.1118    25.1288 9.7680e-02      1.289    1476.07     50.903     4.9919 109.390702    6.87057     34.955     1.2873  32.765245  0.000e+00
     34.634     7.1375    32.1646    25.1675 9.7680e-02      1.370    1476.22     50.914     4.9889 109.390703    6.86483     34.966     1.2568  32.832030  0.000e+00
     34.670     7.1655    32.1896    25.1834 9.7680e-02      1.421    1476.36     50.913     4.9847 109.390703    6.85923     35.002     1.2568  32.879145  0.000e+00
     34.694     7.1697    32.1863    25.1802 9.7680e-02      1.429    1476.37     50.989     4.9917 109.390704    6.85872     35.027     1.2568  32.879686  0.000e+00
     34.694     7.1630    32.1606    25.1609 9.7680e-02      1.385    1476.31     50.998     4.9943 109.390704    6.86093     35.027     1.2568  32.850235  0.000e+00
     34.730     7.1519    32.1364    25.1434 9.7680e-02      1.348    1476.24     51.007     4.9972 109.390705    6.86379     35.063     1.2568  32.818391  0.000e+00
     34.743     7.1452    32.1192    25.1308 9.7680e-02      1.326    1476.19     51.012     4.9990 109.390705    6.86562     35.076     1.2568  32.796888  0.000e+00
     34.767     7.1429    32.1128    25.1260 9.7680e-02      1.341    1476.18     51.014     4.9997 109.390706    6.86626     35.101     1.2568  32.789021  0.000e+00
     34.778     7.1403    32.1129    25.1264 9.7680e-02      1.333    1476.17     51.014     5.0000 109.390706    6.86668     35.112     1.2568  32.786859  0.000e+00
     34.814     7.1385    32.1139    25.1275 9.7680e-02      1.304    1476.16     51.023     5.0011 109.390707    6.86693     35.148     1.2568  32.786259  0.000e+00
     34.838     7.1381    32.1108    25.1251 9.7680e-02      1.275    1476.16     51.107     5.0094 109.390707    6.86712     35.173     1.2568  32.783077  0.000e+00
     34.850     7.1346    32.1075    25.1229 9.7680e-02      1.267    1476.14     51.123     5.0115 109.390707    6.86784     35.184     1.2568  32.777012  0.000e+00
     34.874     7.1332    32.0959    25.1140 9.7680e-02      1.275    1476.12     51.125     5.0123 109.390708    6.86857     35.209     1.2568  32.765184  0.000e+00
     34.887     7.1311    32.0800    25.1018 9.7680e-02      1.282    1476.09     51.136     5.0141 109.390708    6.86961     35.222     1.2568  32.748736  0.000e+00
     34.910     7.1246    32.0642    25.0902 9.7680e-02      1.267    1476.05     51.146     5.0163 109.390709    6.87136     35.245     1.2873  32.728631  0.000e+00
