ctd/data/2024/seabird/GF5.cnv
* Sea-Bird SBE 9 Data File:
* FileName = C:\CTD Brukere\UiO Kurs\Geo kurs 2024\GF5.hex
* Software Version Seasave V 7.26.7.121
* Temperature SN = 5352
* Conductivity SN = 3840
* Number of Bytes Per Scan = 38
* Number of Voltage Words = 5
* Number of Scans Averaged by the Deck Unit = 1
* NMEA Latitude = 59 53.23 N
* NMEA Longitude = 010 39.50 E
* NMEA UTC (Time) = Apr 18 2024 09:21:08
* NMEA baud rate = 4800
** Ship: R/V Trygve Braarud
** Cruise:
** Station:
** Operator:
# nquan = 15
# nvalues = 3672                                  
# units = specified
# name 0 = depSM: Depth [salt water, m]
# name 1 = t090C: Temperature [ITS-90, deg C]
# name 2 = sal00: Salinity, Practical [PSU]
# name 3 = sigma-t00: Density [sigma-t, kg/m^3 ]
# name 4 = flSP: Fluorescence, Seapoint
# name 5 = seaTurbMtr: Turbidity, Seapoint [FTU]
# name 6 = svCM: Sound Velocity [Chen-Millero, m/s]
# name 7 = sbeox0PS: Oxygen, SBE 43 [% saturation]
# name 8 = sbeox0Mg/L: Oxygen, SBE 43 [mg/l]
# name 9 = timeJ: Julian Days
# name 10 = oxsatML/L: Oxygen Saturation, Weiss [ml/l]
# name 11 = prDM: Pressure, Digiquartz [db]
# name 12 = wetStar: Fluorescence, WET Labs WETstar [mg/m^3]
# name 13 = c0mS/cm: Conductivity [mS/cm]
# name 14 = flag:  0.000e+00
# span 0 =      0.168,     64.711                 
# span 1 =     4.2719,     7.8640                 
# span 2 =    20.0004,    32.7336                 
# span 3 =    15.6831,    25.5147                 
# span 4 = 6.1050e-02, 1.8193e+00                 
# span 5 =      0.952,     19.641                 
# span 6 =    1456.47,    1480.20                 
# span 7 =     43.907,     86.562                 
# span 8 =     4.6035,     9.3494                 
# span 9 = 109.389780, 109.391550                 
# span 10 =    6.72582,    7.65016                
# span 11 =      0.169,     65.336                
# span 12 =    -0.3000,     3.6377                
# span 13 =  20.918526,  33.999361                
# span 14 = 0.0000e+00, 0.0000e+00                
# interval = seconds: 0.0416667
# start_time = Apr 18 2024 09:21:17 [System UTC, first data scan.]
# bad_flag = -9.990e-29
*END*
[from data line 3278]
     62.698     7.8594    32.7294    25.5112 9.7680e-02      1.678    1480.16     48.015     4.6108 109.391361    6.72652     63.304     1.1957  33.995095  0.000e+00
     62.685     7.8592    32.7297    25.5115 1.4652e-01      1.670    1480.16     48.090     4.6180 109.391361    6.72654     63.291     1.2263  33.995217  0.000e+00
     62.685     7.8594    32.7297    25.5115 1.9536e-01      1.663    1480.16     48.022     4.6114 109.391362    6.72651     63.291     1.1957  33.995400  0.000e+00
     62.685     7.8594    32.7291    25.5110 1.7094e-01      1.670    1480.16     48.020     4.6113 109.391362    6.72654     63.291     1.1957  33.994791  0.000e+00
     62.698     7.8594    32.7295    25.5113 1.3431e-01      1.692    1480.16     48.019     4.6111 109.391363    6.72652     63.304     1.1957  33.995217  0.000e+00
     62.685     7.8596    32.7295    25.5113 1.0989e-01      1.736    1480.16     48.018     4.6110 109.391363    6.72650     63.291     1.2263  33.995278  0.000e+00
     62.685     7.8594    32.7295    25.5113 1.0989e-01      1.788    1480.16     48.017     4.6110 109.391364    6.72652     63.291     1.2263  33.995156  0.000e+00
     62.698     7.8594    32.7295    25.5113 9.7680e-02      1.795    1480.16     48.017     4.6110 109.391364    6.72652     63.304     1.2263  33.995217  0.000e+00
     62.685     7.8594    32.7300    25.5117 9.7680e-02      1.780    1480.16     48.018     4.6110 109.391365    6.72650     63.291     1.1957  33.995643  0.000e+00
     62.698     7.8594    32.7299    25.5117 9.7680e-02      1.773    1480.17     48.095     4.6185 109.391365    6.72650     63.304     1.1957  33.995583  0.000e+00
     62.698     7.8594    32.7295    25.5113 8.5470e-02      1.802    1480.16     48.107     4.6196 109.391366    6.72652     63.304     1.1957  33.995217  0.000e+00
     62.685     7.8591    32.7299    25.5117 8.5470e-02      1.832    1480.16     48.118     4.6207 109.391366    6.72656     63.291     1.1957  33.995217  0.000e+00
     62.685     7.8588    32.7298    25.5117 8.5470e-02      1.832    1480.16     48.053     4.6145 109.391367    6.72660     63.291     1.1957  33.994913  0.000e+00
     62.698     7.8589    32.7294    25.5113 9.7680e-02      1.817    1480.16     48.055     4.6147 109.391367    6.72660     63.304     1.2263  33.994608  0.000e+00
     62.698     7.8589    32.7295    25.5114 9.7680e-02      1.802    1480.16     48.133     4.6222 109.391368    6.72660     63.304     1.2263  33.994730  0.000e+00
     62.698     7.8588    32.7298    25.5117 8.5470e-02      1.795    1480.16     48.069     4.6161 109.391368    6.72660     63.304     1.1957  33.994913  0.000e+00
     62.685     7.8588    32.7297    25.5116 8.5470e-02      1.780    1480.16     48.148     4.6236 109.391369    6.72661     63.291     1.1957  33.994791  0.000e+00
     62.698     7.8588    32.7295    25.5114 8.5470e-02      1.751    1480.16     48.084     4.6175 109.391369    6.72662     63.304     1.1957  33.994608  0.000e+00
     62.698     7.8588    32.7296    25.5115 8.5470e-02      1.736    1480.16     48.087     4.6178 109.391370    6.72661     63.304     1.2263  33.994730  0.000e+00
     62.698     7.8586    32.7296    25.5115 8.5470e-02      1.714    1480.16     48.167     4.6254 109.391370    6.72664     63.304     1.2263  33.994608  0.000e+00
     62.698     7.8586    32.7300    25.5118 8.5470e-02      1.685    1480.16     48.169     4.6257 109.391371    6.72662     63.304     1.2263  33.994974  0.000e+00
     62.710     7.8584    32.7300    25.5118 8.5470e-02      1.663    1480.16     48.183     4.6270 109.391371    6.72665     63.316     1.1957  33.994730  0.000e+00
     62.698     7.8584    32.7300    25.5118 9.7680e-02      1.670    1480.16     48.120     4.6209 109.391372    6.72665     63.304     1.1957  33.994730  0.000e+00
     62.698     7.8583    32.7303    25.5121 1.0989e-01      1.670    1480.16     48.112     4.6202 109.391372    6.72666     63.304     1.2263  33.994913  0.000e+00
     62.698     7.8584    32.7300    25.5119 1.8315e-01      1.656    1480.16     48.115     4.6205 109.391372    6.72665     63.304     1.2263  33.994791  0.000e+00
     62.702     7.8583    32.7308    25.5125 2.3199e-01      1.648    1480.16     48.107     4.6197 109.391373    6.72664     63.307     1.2263  33.995339  0.000e+00
     62.710     7.8583    32.7304    25.5122 2.1978e-01      1.648    1480.16     48.111     4.6201 109.391373    6.72666     63.316     1.1957  33.994974  0.000e+00
     62.710     7.8584    32.7302    25.5120 1.9536e-01      1.656    1480.16     48.104     4.6194 109.391374    6.72664     63.316     1.1957  33.994913  0.000e+00
     62.698     7.8583    32.7305    25.5123 1.8315e-01      1.692    1480.16     48.096     4.6187 109.391374    6.72665     63.304     1.1957  33.995096  0.000e+00
     62.710     7.8584    32.7305    25.5122 1.7094e-01      1.729    1480.16     48.101     4.6191 109.391375    6.72663     63.316     1.1957  33.995217  0.000e+00
     62.698     7.8584    32.7309    25.5126 1.4652e-01      1.729    1480.16     48.105     4.6195 109.391375    6.72661     63.304     1.2263  33.995644  0.000e+00
     62.710     7.8584    32.7305    25.5123 1.3431e-01      1.692    1480.16     48.099     4.6189 109.391376    6.72663     63.316     1.1957  33.995278  0.000e+00
     62.710     7.8586    32.7306    25.5123 1.2210e-01      1.670    1480.16     48.092     4.6183 109.391376    6.72660     63.316     1.2263  33.995461  0.000e+00
     62.710     7.8588    32.7307    25.5123 1.0989e-01      1.663    1480.16     48.097     4.6187 109.391377    6.72657     63.316     1.1957  33.995704  0.000e+00
     62.710     7.8586    32.7309    25.5126 9.7680e-02      1.685    1480.16     48.092     4.6182 109.391377    6.72658     63.316     1.1957  33.995826  0.000e+00
     62.710     7.8589    32.7306    25.5122 9.7680e-02      1.707    1480.16     48.097     4.6187 109.391378    6.72655     63.316     1.2263  33.995765  0.000e+00
     62.710     7.8589    32.7307    25.5123 8.5470e-02      1.714    1480.16     48.092     4.6182 109.391378    6.72655     63.316     1.1957  33.995826  0.000e+00
     62.710     7.8592    32.7308    25.5124 8.5470e-02      1.707    1480.17     48.097     4.6187 109.391379    6.72649     63.316     1.1957  33.996252  0.000e+00
     62.723     7.8592    32.7308    25.5123 8.5470e-02      1.700    1480.17     48.092     4.6182 109.391379    6.72649     63.329     1.1957  33.996192  0.000e+00
     62.710     7.8594    32.7305    25.5121 9.7680e-02      1.700    1480.17     48.087     4.6177 109.391380    6.72648     63.316     1.1957  33.996070  0.000e+00
     62.710     7.8592    32.7307    25.5123 9.7680e-02      1.678    1480.17     48.083     4.6173 109.391380    6.72650     63.316     1.1957  33.996131  0.000e+00
     62.723     7.8594    32.7304    25.5121 1.0989e-01      1.670    1480.17     48.078     4.6168 109.391381    6.72648     63.329     1.1957  33.996070  0.000e+00
     62.723     7.8596    32.7306    25.5122 1.2210e-01      1.656    1480.17     48.073     4.6163 109.391381    6.72645     63.329     1.1957  33.996374  0.000e+00
     62.710     7.8594    32.7303    25.5120 1.2210e-01      1.641    1480.17     48.068     4.6159 109.391382    6.72648     63.316     1.1957  33.995948  0.000e+00
     62.723     7.8596    32.7308    25.5123 1.0989e-01      1.641    1480.17     48.074     4.6164 109.391382    6.72644     63.329     1.1957  33.996496  0.000e+00
     62.710     7.8596    32.7305    25.5121 9.7680e-02      1.641    1480.17     48.070     4.6160 109.391383    6.72645     63.316     1.1957  33.996252  0.000e+00
     62.723     7.8592    32.7307    25.5123 9.7680e-02      1.641    1480.17     47.989     4.6083 109.391383    6.72650     63.329     1.1957  33.996131  0.000e+00
     62.723     7.8594    32.7307    25.5123 9.7680e-02      1.641    1480.17     48.050     4.6142 109.391384    6.72647     63.329     1.1957  33.996313  0.000e+00
     62.723     7.8592    32.7310    25.5125 8.5470e-02      1.634    1480.17     48.058     4.6149 109.391384    6.72648     63.329     1.2263  33.996435  0.000e+00
     62.723     7.8592    32.7307    25.5123 8.5470e-02      1.626    1480.17     48.054     4.6145 109.391385    6.72650     63.329     1.1957  33.996131  0.000e+00
     62.734     7.8596    32.7301    25.5118 8.5470e-02      1.626    1480.17     48.062     4.6153 109.391385    6.72647     63.340     1.1957  33.995887  0.000e+00
     62.723     7.8592    32.7306    25.5122 8.5470e-02      1.626    1480.17     48.059     4.6150 109.391386    6.72650     63.329     1.1957  33.996009  0.000e+00
     62.723     7.8592    32.7307    25.5123 8.5470e-02      1.619    1480.17     48.055     4.6147 109.391386    6.72650     63.329     1.2263  33.996131  0.000e+00
     62.723     7.8594    32.7304    25.5121 1.0989e-01      1.612    1480.17     48.052     4.6144 109.391386    6.72648     63.329     1.2263  33.996070  0.000e+00
     62.723     7.8594    32.7308    25.5123 1.5873e-01      1.612    1480.17     48.049     4.6140 109.391387    6.72646     63.329     1.2263  33.996374  0.000e+00
     62.723     7.8597    32.7305    25.5120 2.1978e-01      1.612    1480.17     48.046     4.6137 109.391387    6.72643     63.329     1.2263  33.996374  0.000e+00
     62.734     7.8594    32.7304    25.5120 2.5641e-01      1.612    1480.17     48.043     4.6135 109.391388    6.72648     63.340     1.2263  33.996009  0.000e+00
     62.723     7.8594    32.7306    25.5122 2.6862e-01      1.604    1480.17     48.040     4.6131 109.391388    6.72647     63.329     1.2263  33.996252  0.000e+00
     62.734     7.8594    32.7306    25.5122 2.4420e-01      1.597    1480.17     48.048     4.6139 109.391389    6.72647     63.340     1.2263  33.996192  0.000e+00
     62.723     7.8596    32.7306    25.5121 2.0757e-01      1.590    1480.17     48.056     4.6147 109.391389    6.72645     63.329     1.2263  33.996313  0.000e+00
     62.734     7.8596    32.7304    25.5120 1.7094e-01      1.597    1480.17     48.065     4.6156 109.391390    6.72646     63.340     1.2263  33.996192  0.000e+00
     62.723     7.8597    32.7304    25.5120 1.3431e-01      1.626    1480.17     48.063     4.6154 109.391390    6.72643     63.329     1.1957  33.996313  0.000e+00
     62.734     7.8599    32.7301    25.5118 1.2210e-01      1.656    1480.17     48.062     4.6152 109.391391    6.72642     63.340     1.2263  33.996192  0.000e+00
     62.723     7.8602    32.7302    25.5118 1.0989e-01      1.670    1480.17     48.071     4.6161 109.391391    6.72636     63.329     1.1957  33.996557  0.000e+00
     62.734     7.8600    32.7301    25.5117 9.7680e-02      1.670    1480.17     48.070     4.6160 109.391392    6.72640     63.340     1.1957  33.996313  0.000e+00
     62.726     7.8599    32.7305    25.5121 9.7680e-02      1.670    1480.17     48.079     4.6169 109.391392    6.72640     63.332     1.1957  33.996557  0.000e+00
     62.723     7.8599    32.7305    25.5120 9.7680e-02      1.685    1480.17     48.079     4.6168 109.391393    6.72641     63.329     1.1957  33.996496  0.000e+00
     62.734     7.8600    32.7297    25.5114 9.7680e-02      1.700    1480.17     48.078     4.6168 109.391393    6.72642     63.340     1.2263  33.995948  0.000e+00
     62.723     7.8597    32.7302    25.5118 9.7680e-02      1.692    1480.17     48.088     4.6178 109.391394    6.72644     63.329     1.1957  33.996070  0.000e+00
     62.723     7.8597    32.7307    25.5122 9.7680e-02      1.670    1480.17     48.099     4.6188 109.391394    6.72642     63.329     1.1957  33.996557  0.000e+00
     62.723     7.8597    32.7306    25.5121 9.7680e-02      1.663    1480.17     48.110     4.6198 109.391395    6.72642     63.329     1.1957  33.996496  0.000e+00
     62.734     7.8596    32.7304    25.5120 9.7680e-02      1.670    1480.17     48.110     4.6199 109.391395    6.72646     63.340     1.1957  33.996131  0.000e+00
     62.723     7.8596    32.7309    25.5124 9.7680e-02      1.692    1480.17     48.111     4.6199 109.391396    6.72644     63.329     1.2263  33.996618  0.000e+00
     62.723     7.8597    32.7306    25.5121 9.7680e-02      1.700    1480.17     48.111     4.6200 109.391396    6.72643     63.329     1.2263  33.996435  0.000e+00
     62.723     7.8596    32.7310    25.5124 9.7680e-02      1.707    1480.17     48.112     4.6200 109.391397    6.72643     63.329     1.2263  33.996679  0.000e+00
     62.734     7.8597    32.7306    25.5121 9.7680e-02      1.722    1480.17     48.112     4.6201 109.391397    6.72643     63.340     1.2263  33.996435  0.000e+00
     62.723     7.8596    32.7304    25.5120 9.7680e-02      1.736    1480.17     48.113     4.6201 109.391398    6.72645     63.329     1.2263  33.996192  0.000e+00
     62.723     7.8599    32.7303    25.5119 9.7680e-02      1.744    1480.17     48.113     4.6201 109.391398    6.72641     63.329     1.2263  33.996313  0.000e+00
     62.723     7.8597    32.7308    25.5123 8.5470e-02      1.744    1480.17     48.037     4.6128 109.391399    6.72642     63.329     1.2263  33.996679  0.000e+00
     62.723     7.8597    32.7306    25.5121 8.5470e-02      1.744    1480.17     48.104     4.6193 109.391399    6.72643     63.329     1.2263  33.996435  0.000e+00
     62.710     7.8597    32.7306    25.5121 8.5470e-02      1.736    1480.17     48.104     4.6193 109.391399    6.72643     63.316     1.2263  33.996435  0.000e+00
     62.723     7.8594    32.7308    25.5123 8.5470e-02      1.729    1480.17     48.105     4.6195 109.391400    6.72646     63.329     1.2263  33.996374  0.000e+00
     62.723     7.8594    32.7306    25.5122 9.7680e-02      1.714    1480.17     48.106     4.6195 109.391400    6.72647     63.329     1.2263  33.996192  0.000e+00
     62.710     7.8591    32.7313    25.5128 8.5470e-02      1.700    1480.17     48.107     4.6196 109.391401    6.72649     63.316     1.2263  33.996557  0.000e+00
     62.723     7.8592    32.7314    25.5128 8.5470e-02      1.700    1480.17     48.108     4.6197 109.391401    6.72647     63.329     1.2263  33.996740  0.000e+00
     62.710     7.8589    32.7313    25.5128 8.5470e-02      1.707    1480.16     48.109     4.6198 109.391402    6.72652     63.316     1.2263  33.996435  0.000e+00
     62.723     7.8588    32.7316    25.5130 8.5470e-02      1.722    1480.16     48.110     4.6199 109.391402    6.72653     63.329     1.2263  33.996557  0.000e+00
     62.710     7.8588    32.7315    25.5130 8.5470e-02      1.744    1480.16     48.111     4.6200 109.391403    6.72653     63.316     1.2263  33.996496  0.000e+00
     62.710     7.8588    32.7316    25.5131 8.5470e-02      1.817    1480.16     48.112     4.6201 109.391403    6.72653     63.316     1.2263  33.996618  0.000e+00
     62.710     7.8588    32.7318    25.5132 8.5470e-02      1.883    1480.17     48.113     4.6202 109.391404    6.72652     63.316     1.2263  33.996740  0.000e+00
     62.710     7.8588    32.7317    25.5131 8.5470e-02      1.905    1480.16     48.113     4.6203 109.391404    6.72652     63.316     1.1957  33.996679  0.000e+00
     62.710     7.8586    32.7319    25.5133 8.5470e-02      1.890    1480.16     48.114     4.6204 109.391405    6.72654     63.316     1.1957  33.996740  0.000e+00
     62.710     7.8586    32.7321    25.5135 8.5470e-02      1.853    1480.16     48.115     4.6204 109.391405    6.72653     63.316     1.1957  33.996922  0.000e+00
     62.710     7.8584    32.7320    25.5134 8.5470e-02      1.817    1480.16     48.116     4.6206 109.391406    6.72657     63.316     1.2263  33.996618  0.000e+00
     62.710     7.8586    32.7322    25.5136 8.5470e-02      1.788    1480.17     48.117     4.6206 109.391406    6.72652     63.316     1.2263  33.997044  0.000e+00
