ctd/data/2024/seabird/GF5.cnv
* Sea-Bird SBE 9 Data File:
* FileName = C:\CTD Brukere\UiO Kurs\Geo kurs 2024\GF5.hex
* Software Version Seasave V 7.26.7.121
* Temperature SN = 5352
* Conductivity SN = 3840
* Number of Bytes Per Scan = 38
* Number of Voltage Words = 5
* Number of Scans Averaged by the Deck Unit = 1
* NMEA Latitude = 59 53.23 N
* NMEA Longitude = 010 39.50 E
* NMEA UTC (Time) = Apr 18 2024 09:21:08
* NMEA baud rate = 4800
** Ship: R/V Trygve Braarud
** Cruise:
** Station:
** Operator:
# nquan = 15
# nvalues = 3672                                  
# units = specified
# name 0 = depSM: Depth [salt water, m]
# name 1 = t090C: Temperature [ITS-90, deg C]
# name 2 = sal00: Salinity, Practical [PSU]
# name 3 = sigma-t00: Density [sigma-t, kg/m^3 ]
# name 4 = flSP: Fluorescence, Seapoint
# name 5 = seaTurbMtr: Turbidity, Seapoint [FTU]
# name 6 = svCM: Sound Velocity [Chen-Millero, m/s]
# name 7 = sbeox0PS: Oxygen, SBE 43 [% saturation]
# name 8 = sbeox0Mg/L: Oxygen, SBE 43 [mg/l]
# name 9 = timeJ: Julian Days
# name 10 = oxsatML/L: Oxygen Saturation, Weiss [ml/l]
# name 11 = prDM: Pressure, Digiquartz [db]
# name 12 = wetStar: Fluorescence, WET Labs WETstar [mg/m^3]
# name 13 = c0mS/cm: Conductivity [mS/cm]
# name 14 = flag:  0.000e+00
# span 0 =      0.168,     64.711                 
# span 1 =     4.2719,     7.8640                 
# span 2 =    20.0004,    32.7336                 
# span 3 =    15.6831,    25.5147                 
# span 4 = 6.1050e-02, 1.8193e+00                 
# span 5 =      0.952,     19.641                 
# span 6 =    1456.47,    1480.20                 
# span 7 =     43.907,     86.562                 
# span 8 =     4.6035,     9.3494                 
# span 9 = 109.389780, 109.391550                 
# span 10 =    6.72582,    7.65016                
# span 11 =      0.169,     65.336                
# span 12 =    -0.3000,     3.6377                
# span 13 =  20.918526,  33.999361                
# span 14 = 0.0000e+00, 0.0000e+00                
# interval = seconds: 0.0416667
# start_time = Apr 18 2024 09:21:17 [System UTC, first data scan.]
# bad_flag = -9.990e-29
*END*
[from data line 675]
      7.271     5.8292    23.2050    18.2644 9.5238e-01      1.092    1459.31     84.875     9.0990 109.390106    7.50770      7.340     2.7830  23.567640  0.000e+00
      7.287     5.8351    23.1987    18.2588 9.1575e-01      1.106    1459.32     84.796     9.0897 109.390106    7.50694      7.356     2.7830  23.565511  0.000e+00
      7.331     5.8351    23.2119    18.2692 9.0354e-01      1.114    1459.34     84.776     9.0867 109.390107    7.50628      7.400     2.7830  23.577806  0.000e+00
      7.334     5.8193    23.2475    18.2988 8.5470e-01      1.099    1459.32     84.849     9.0959 109.390107    7.50742      7.404     2.7830  23.600699  0.000e+00
      7.379     5.7970    23.2876    18.3326 8.1807e-01      1.077    1459.28     84.784     9.0913 109.390108    7.50952      7.449     2.7830  23.623707  0.000e+00
      7.382     5.7718    23.3219    18.3620 8.0586e-01      1.062    1459.22     84.786     9.0951 109.390108    7.51243      7.453     2.7830  23.639371  0.000e+00
      7.415     5.7584    23.3346    18.3732 8.1807e-01      1.070    1459.18     84.777     9.0962 109.390109    7.51425      7.485     2.7830  23.642516  0.000e+00
      7.429     5.7529    23.3381    18.3766 7.9365e-01      1.062    1459.16     84.768     9.0962 109.390109    7.51509      7.500     2.7830  23.642303  0.000e+00
      7.450     5.7401    23.3552    18.3913 7.8144e-01      1.055    1459.13     84.762     9.0974 109.390109    7.51660      7.521     2.7830  23.649870  0.000e+00
      7.489     5.7187    23.3885    18.4196 8.3028e-01      1.040    1459.09     84.760     9.0999 109.390110    7.51887      7.561     2.7830  23.666979  0.000e+00
      7.510     5.6955    23.4229    18.4488 7.9365e-01      1.055    1459.03     84.761     9.1029 109.390110    7.52141      7.582     2.7525  23.683878  0.000e+00
      7.538     5.6807    23.4424    18.4656 7.5702e-01      1.062    1459.00     84.761     9.1051 109.390111    7.52318      7.610     2.7525  23.692357  0.000e+00
      7.546     5.6699    23.4530    18.4750 7.2039e-01      1.062    1458.97     84.763     9.1070 109.390111    7.52462      7.618     2.7525  23.695237  0.000e+00
      7.573     5.6656    23.4542    18.4763 7.2039e-01      1.055    1458.95     84.765     9.1081 109.390112    7.52535      7.646     2.7525  23.693584  0.000e+00
      7.593     5.6683    23.4412    18.4659 7.2039e-01      1.048    1458.95     84.678     9.0989 109.390112    7.52550      7.665     2.7525  23.683401  0.000e+00
      7.598     5.6802    23.4096    18.4398 7.2039e-01      1.048    1458.96     84.669     9.0972 109.390113    7.52488      7.670     2.7830  23.661812  0.000e+00
      7.653     5.7009    23.3777    18.4127 7.2039e-01      1.077    1459.00     84.660     9.0937 109.390113    7.52265      7.726     2.7830  23.645717  0.000e+00
      7.658     5.7133    23.3703    18.4057 7.2039e-01      1.121    1459.04     84.656     9.0910 109.390114    7.52076      7.731     2.7830  23.646729  0.000e+00
      7.677     5.7138    23.3743    18.4088 7.4481e-01      1.121    1459.05     84.644     9.0894 109.390114    7.52047      7.750     2.7830  23.650779  0.000e+00
      7.705     5.7174    23.3739    18.4081 8.3028e-01      1.092    1459.07     84.646     9.0888 109.390115    7.51982      7.778     2.7525  23.652750  0.000e+00
      7.724     5.7185    23.3750    18.4089 8.5470e-01      1.070    1459.07     84.639     9.0877 109.390115    7.51957      7.798     2.7830  23.654508  0.000e+00
      7.740     5.7216    23.3740    18.4078 9.0354e-01      1.070    1459.08     84.645     9.0878 109.390116    7.51905      7.814     2.7830  23.655521  0.000e+00
      7.773     5.7234    23.3739    18.4076 8.9133e-01      1.092    1459.09     84.654     9.0884 109.390116    7.51872      7.847     2.7525  23.656586  0.000e+00
      7.789     5.7234    23.3732    18.4070 8.4249e-01      1.114    1459.09     84.654     9.0884 109.390117    7.51875      7.863     2.7830  23.656000  0.000e+00
      7.820     5.7266    23.3682    18.4028 8.7912e-01      1.128    1459.10     84.655     9.0881 109.390117    7.51842      7.894     2.7525  23.653389  0.000e+00
      7.836     5.7280    23.3662    18.4011 9.5238e-01      1.128    1459.10     84.658     9.0883 109.390118    7.51826      7.910     2.7525  23.652483  0.000e+00
      7.857     5.7283    23.3666    18.4014 9.2796e-01      1.106    1459.10     84.664     9.0888 109.390118    7.51818      7.932     2.7525  23.653069  0.000e+00
      7.884     5.7223    23.3774    18.4105 8.7912e-01      1.099    1459.09     84.673     9.0904 109.390119    7.51876      7.959     2.7525  23.659198  0.000e+00
      7.904     5.7147    23.3902    18.4212 8.5470e-01      1.099    1459.08     84.684     9.0925 109.390119    7.51951      7.979     2.7525  23.666127  0.000e+00
      7.920     5.7079    23.3981    18.4281 8.3028e-01      1.084    1459.06     84.697     9.0949 109.390120    7.52037      7.995     2.7525  23.669059  0.000e+00
      7.952     5.7044    23.4016    18.4312 7.8144e-01      1.084    1459.05     84.711     9.0970 109.390120    7.52084      8.028     2.7525  23.670126  0.000e+00
      7.980     5.7036    23.4036    18.4329 7.4481e-01      1.084    1459.05     84.650     9.0904 109.390121    7.52088      8.056     2.7525  23.671458  0.000e+00
      7.999     5.6995    23.4082    18.4369 7.4481e-01      1.077    1459.04     84.657     9.0918 109.390121    7.52141      8.075     2.7525  23.673058  0.000e+00
      8.015     5.6981    23.4103    18.4387 7.3260e-01      1.062    1459.04     84.653     9.0916 109.390122    7.52157      8.092     2.7525  23.674124  0.000e+00
      8.059     5.6952    23.4136    18.4415 6.9597e-01      1.055    1459.03     84.664     9.0932 109.390122    7.52193      8.136     2.7525  23.675297  0.000e+00
      8.075     5.6897    23.4181    18.4456 6.8376e-01      1.055    1459.01     84.589     9.0861 109.390122    7.52272      8.152     2.7830  23.675937  0.000e+00
      8.083     5.6855    23.4211    18.4484 7.0818e-01      1.062    1459.00     84.594     9.0873 109.390123    7.52334      8.160     2.7525  23.676044  0.000e+00
      8.119     5.6891    23.4144    18.4428 6.8376e-01      1.077    1459.01     84.587     9.0862 109.390123    7.52302      8.196     2.7525  23.672153  0.000e+00
      8.135     5.6945    23.4052    18.4350 6.7155e-01      1.070    1459.02     84.595     9.0864 109.390124    7.52248      8.213     2.7525  23.667142  0.000e+00
      8.166     5.6976    23.4011    18.4314 6.4713e-01      1.070    1459.03     84.594     9.0859 109.390124    7.52211      8.244     2.7525  23.665330  0.000e+00
      8.195     5.6965    23.4045    18.4343 6.3492e-01      1.084    1459.03     84.507     9.0766 109.390125    7.52214      8.273     2.7525  23.667835  0.000e+00
      8.215     5.6937    23.4100    18.4388 6.1050e-01      1.084    1459.02     84.513     9.0775 109.390125    7.52239      8.293     2.7220  23.671033  0.000e+00
      8.231     5.6880    23.4179    18.4456 6.1050e-01      1.077    1459.01     84.510     9.0780 109.390126    7.52305      8.309     2.7220  23.674658  0.000e+00
      8.262     5.6753    23.4313    18.4574 6.2271e-01      1.070    1458.97     84.500     9.0789 109.390126    7.52471      8.340     2.7525  23.678977  0.000e+00
      8.279     5.6674    23.4399    18.4649 6.1050e-01      1.062    1458.95     84.492     9.0792 109.390127    7.52573      8.358     2.7220  23.681857  0.000e+00
      8.299     5.6639    23.4424    18.4672 6.2271e-01      1.077    1458.94     84.484     9.0790 109.390127    7.52624      8.378     2.7220  23.681910  0.000e+00
      8.334     5.6623    23.4432    18.4680 6.2271e-01      1.114    1458.94     84.402     9.0704 109.390128    7.52650      8.414     2.7220  23.681590  0.000e+00
      8.351     5.6608    23.4455    18.4700 5.9829e-01      1.114    1458.93     84.388     9.0691 109.390128    7.52667      8.430     2.7220  23.682763  0.000e+00
      8.381     5.6555    23.4513    18.4750 5.7387e-01      1.092    1458.92     84.377     9.0688 109.390129    7.52734      8.461     2.7220  23.684790  0.000e+00
      8.398     5.6513    23.4517    18.4758 5.9829e-01      1.070    1458.90     84.370     9.0689 109.390129    7.52810      8.478     2.7220  23.682444  0.000e+00
      8.417     5.6606    23.4377    18.4638 6.5934e-01      1.070    1458.92     84.350     9.0656 109.390130    7.52709      8.497     2.7220  23.675460  0.000e+00
      8.411     5.6743    23.4181    18.4470 6.5934e-01      1.092    1458.96     84.331     9.0617 109.390130    7.52553      8.491     2.6915  23.666185  0.000e+00
      8.501     5.6930    23.3961    18.4279 6.2271e-01      1.099    1459.01     84.250     9.0502 109.390131    7.52320      8.582     2.6915  23.657869  0.000e+00
      8.490     5.7106    23.3775    18.4117 6.1050e-01      1.084    1459.06     84.225     9.0448 109.390131    7.52089      8.571     2.7220  23.652006  0.000e+00
      8.506     5.7168    23.3713    18.4061 5.7387e-01      1.077    1459.07     84.205     9.0417 109.390132    7.52007      8.587     2.6915  23.650194  0.000e+00
      8.537     5.7173    23.3702    18.4052 5.8608e-01      1.077    1459.07     84.190     9.0400 109.390132    7.52003      8.618     2.6915  23.649501  0.000e+00
      8.553     5.7187    23.3676    18.4031 5.6166e-01      1.077    1459.08     84.177     9.0385 109.390133    7.51990      8.635     2.6609  23.648009  0.000e+00
      8.572     5.7207    23.3643    18.4003 5.4945e-01      1.077    1459.08     84.089     9.0289 109.390133    7.51970      8.654     2.6609  23.646304  0.000e+00
      8.597     5.7247    23.3585    18.3953 5.3724e-01      1.055    1459.09     84.071     9.0264 109.390134    7.51924      8.679     2.6915  23.643480  0.000e+00
      8.613     5.7280    23.3538    18.3913 5.8608e-01      1.048    1459.10     84.056     9.0243 109.390134    7.51887      8.695     2.6609  23.641242  0.000e+00
      8.644     5.7307    23.3549    18.3919 6.1050e-01      1.055    1459.11     84.044     9.0224 109.390135    7.51832      8.726     2.6609  23.644012  0.000e+00
      8.662     5.7303    23.3600    18.3960 5.7387e-01      1.055    1459.12     83.960     9.0131 109.390135    7.51816      8.744     2.6609  23.648435  0.000e+00
      8.668     5.7249    23.3656    18.4009 5.6166e-01      1.062    1459.10     83.945     9.0124 109.390136    7.51885      8.751     2.6915  23.650247  0.000e+00
      8.717     5.7198    23.3712    18.4058 5.6166e-01      1.062    1459.09     83.923     9.0108 109.390136    7.51952      8.800     2.6915  23.652166  0.000e+00
      8.721     5.7138    23.3785    18.4121 5.7387e-01      1.165    1459.07     83.904     9.0096 109.390136    7.52026      8.805     2.6915  23.654991  0.000e+00
      8.739     5.7041    23.3884    18.4208 5.7387e-01      1.289    1459.05     83.889     9.0095 109.390137    7.52155      8.823     2.6915  23.657976  0.000e+00
      8.744     5.7008    23.3939    18.4255 5.3724e-01      1.275    1459.04     83.876     9.0085 109.390137    7.52188      8.827     2.6609  23.660907  0.000e+00
      8.824     5.7003    23.3967    18.4277 5.3724e-01      1.238    1459.04     83.866     9.0074 109.390138    7.52183      8.908     2.6609  23.663252  0.000e+00
      8.812     5.6992    23.3979    18.4288 5.3724e-01      1.187    1459.04     83.782     8.9986 109.390138    7.52198      8.896     2.6915  23.663572  0.000e+00
      8.840     5.6998    23.3963    18.4275 5.3724e-01      1.128    1459.04     83.768     8.9970 109.390139    7.52193      8.924     2.6915  23.662613  0.000e+00
      8.848     5.7024    23.3956    18.4267 5.2503e-01      1.092    1459.05     83.757     8.9953 109.390139    7.52150      8.932     2.6915  23.663572  0.000e+00
      8.883     5.6993    23.4165    18.4434 5.3724e-01      1.077    1459.06     83.751     8.9941 109.390140    7.52103      8.968     2.6609  23.680896  0.000e+00
      8.888     5.6680    23.4802    18.4967 5.4945e-01      1.062    1459.02     83.754     8.9974 109.390140    7.52363      8.973     2.6609  23.719612  0.000e+00
      8.932     5.5761    23.6037    18.6026 5.3724e-01      1.040    1458.79     83.774     9.0121 109.390141    7.53441      9.017     2.6609  23.774102  0.000e+00
      8.924     5.4968    23.6899    18.6780 5.2503e-01      1.033    1458.57     83.795     9.0265 109.390141    7.54473      9.009     2.6609  23.802140  0.000e+00
      8.990     5.4695    23.7184    18.7031 5.1282e-01      1.033    1458.50     83.733     9.0240 109.390142    7.54836      9.076     2.6609  23.810634  0.000e+00
      8.990     5.4465    23.7388    18.7213 5.4945e-01      1.033    1458.43     83.739     9.0285 109.390142    7.55160      9.076     2.6609  23.814375  0.000e+00
      9.008     5.4877    23.6756    18.6676 5.8608e-01      1.026    1458.52     83.737     9.0231 109.390143    7.54712      9.094     2.6609  23.783185  0.000e+00
      9.028     5.5492    23.5849    18.5903 5.9829e-01      1.011    1458.66     83.735     9.0149 109.390143    7.54028      9.114     2.6609  23.739574  0.000e+00
      9.050     5.5979    23.5141    18.5300 5.9829e-01      1.004    1458.77     83.740     9.0091 109.390144    7.53483      9.136     2.6609  23.705858  0.000e+00
      9.068     5.6310    23.4710    18.4929 5.9829e-01      1.004    1458.85     83.740     9.0045 109.390144    7.53087      9.154     2.6609  23.687459  0.000e+00
      9.099     5.6510    23.4482    18.4730 5.6166e-01      1.011    1458.91     83.670     8.9939 109.390145    7.52834      9.186     2.6609  23.679247  0.000e+00
      9.110     5.6625    23.4368    18.4629 5.3724e-01      1.033    1458.94     83.671     8.9923 109.390145    7.52679      9.197     2.6609  23.676101  0.000e+00
      9.139     5.6674    23.4335    18.4599 5.2503e-01      1.040    1458.96     83.678     8.9922 109.390146    7.52604      9.226     2.6609  23.676261  0.000e+00
      9.159     5.6647    23.4392    18.4646 5.1282e-01      1.048    1458.95     83.679     8.9925 109.390146    7.52626      9.246     2.6609  23.679726  0.000e+00
      9.181     5.6489    23.4592    18.4819 5.1282e-01      1.040    1458.91     83.686     8.9955 109.390147    7.52818      9.269     2.6609  23.688044  0.000e+00
      9.188     5.6279    23.5005    18.5164 5.0061e-01      1.033    1458.88     83.699     8.9989 109.390147    7.52999      9.275     2.6609  23.712576  0.000e+00
      9.219     5.5504    23.6246    18.6216 5.8608e-01      1.026    1458.72     83.649     9.0030 109.390148    7.53810      9.307     2.6609  23.776881  0.000e+00
      9.241     5.4397    23.7805    18.7548 6.2271e-01      1.040    1458.45     83.677     9.0207 109.390148    7.55078      9.329     2.6915  23.848250  0.000e+00
      9.259     5.3537    23.8805    18.8416 6.3492e-01      1.040    1458.22     83.691     9.0351 109.390149    7.56172      9.347     2.6609  23.883804  0.000e+00
      9.290     5.3188    23.9112    18.8691 6.4713e-01      1.070    1458.12     83.699     9.0418 109.390149    7.56665      9.378     2.6915  23.889207  0.000e+00
      9.301     5.2935    23.9310    18.8870 6.5934e-01      1.062    1458.04     83.709     9.0473 109.390149    7.57037      9.390     2.6609  23.890707  0.000e+00
      9.319     5.2862    23.9354    18.8911 6.1050e-01      1.048    1458.01     83.720     9.0497 109.390150    7.57151      9.408     2.6609  23.890012  0.000e+00
      9.337     5.2912    23.9017    18.8641 5.7387e-01      1.033    1457.99     83.731     9.0519 109.390150    7.57224      9.426     2.6609  23.862639  0.000e+00
      9.374     5.3651    23.7967    18.7744 5.4945e-01      1.018    1458.17     83.655     9.0337 109.390151    7.56378      9.463     2.6609  23.814756  0.000e+00
      9.379     5.4544    23.6942    18.6853 5.4945e-01      1.033    1458.41     83.633     9.0180 109.390151    7.55234      9.468     2.6609  23.778810  0.000e+00
