ctd/data/2024/seabird/GF6.cnv
* Sea-Bird SBE 9 Data File:
* FileName = C:\CTD Brukere\UiO Kurs\Geo kurs 2024\GF6.hex
* Software Version Seasave V 7.26.7.121
* Temperature SN = 5352
* Conductivity SN = 3840
* Number of Bytes Per Scan = 38
* Number of Voltage Words = 5
* Number of Scans Averaged by the Deck Unit = 1
* NMEA Latitude = 59 53.32 N
* NMEA Longitude = 010 39.93 E
* NMEA UTC (Time) = Apr 18 2024 09:29:01
* NMEA baud rate = 4800
** Ship: R/V Trygve Braarud
** Cruise:
** Station:
** Operator:
# nquan = 15
# nvalues = 2460                                  
# units = specified
# name 0 = depSM: Depth [salt water, m]
# name 1 = t090C: Temperature [ITS-90, deg C]
# name 2 = sal00: Salinity, Practical [PSU]
# name 3 = sigma-t00: Density [sigma-t, kg/m^3 ]
# name 4 = flSP: Fluorescence, Seapoint
# name 5 = seaTurbMtr: Turbidity, Seapoint [FTU]
# name 6 = svCM: Sound Velocity [Chen-Millero, m/s]
# name 7 = sbeox0PS: Oxygen, SBE 43 [% saturation]
# name 8 = sbeox0Mg/L: Oxygen, SBE 43 [mg/l]
# name 9 = timeJ: Julian Days
# name 10 = oxsatML/L: Oxygen Saturation, Weiss [ml/l]
# name 11 = prDM: Pressure, Digiquartz [db]
# name 12 = wetStar: Fluorescence, WET Labs WETstar [mg/m^3]
# name 13 = c0mS/cm: Conductivity [mS/cm]
# name 14 = flag:  0.000e+00
# span 0 =      0.168,     45.646                 
# span 1 =     3.9246,     7.8934                 
# span 2 =    20.6785,    32.6991                 
# span 3 =    16.2076,    25.4837                 
# span 4 = 8.5470e-02, 2.0879e+00                 
# span 5 =      0.916,     23.868                 
# span 6 =    1454.99,    1479.97                 
# span 7 =     40.034,     87.332                 
# span 8 =     4.2911,     9.3577                 
# span 9 = 109.397465, 109.398651                 
# span 10 =    6.72270,    7.71867                
# span 11 =      0.170,     46.085                
# span 12 =    -0.3000,     3.6377                
# span 13 =  21.616487,  33.987729                
# span 14 = 0.0000e+00, 0.0000e+00                
# interval = seconds: 0.0416667
# start_time = Apr 18 2024 09:32:21 [System UTC, first data scan.]
# bad_flag = -9.990e-29
*END*
[from data line 482]
      4.060     6.0610    22.7018    17.8457 1.7094e+00      1.407    1459.58     85.451     9.1404 109.397698    7.49022      4.099     2.9662  23.244277  0.000e+00
      4.085     6.0580    22.7000    17.8445 1.6117e+00      1.399    1459.56     85.504     9.1468 109.397698    7.49085      4.124     2.9662  23.240729  0.000e+00
      4.109     6.0518    22.7118    17.8544 1.5873e+00      1.414    1459.55     85.492     9.1462 109.397699    7.49139      4.148     2.9662  23.247933  0.000e+00
      4.133     6.0364    22.7452    17.8822 1.4896e+00      1.495    1459.53     85.482     9.1464 109.397699    7.49256      4.173     2.9662  23.269495  0.000e+00
      4.156     6.0218    22.7566    17.8926 1.3431e+00      1.524    1459.49     85.394     9.1395 109.397700    7.49465      4.195     2.9662  23.270980  0.000e+00
      4.167     6.0235    22.7251    17.8676 1.3187e+00      1.487    1459.45     85.367     9.1382 109.397700    7.49587      4.207     2.9662  23.242691  0.000e+00
      4.204     6.0259    22.7292    17.8707 1.3187e+00      1.451    1459.47     85.340     9.1346 109.397701    7.49524      4.244     2.9662  23.248041  0.000e+00
      4.216     6.0168    22.7650    17.8997 1.2454e+00      1.443    1459.48     85.405     9.1413 109.397701    7.49514      4.256     2.9662  23.275750  0.000e+00
      4.240     6.0118    22.7850    17.9160 1.2088e+00      1.436    1459.48     85.327     9.1328 109.397702    7.49507      4.280     2.9967  23.291278  0.000e+00
      4.276     6.0096    22.7908    17.9207 1.2454e+00      1.421    1459.48     85.314     9.1316 109.397702    7.49519      4.316     2.9662  23.295307  0.000e+00
      4.300     6.0156    22.7796    17.9114 1.2943e+00      1.407    1459.49     85.299     9.1294 109.397703    7.49464      4.341     2.9662  23.288681  0.000e+00
      4.323     6.0227    22.7688    17.9021 1.3187e+00      1.392    1459.51     85.285     9.1269 109.397703    7.49388      4.364     2.9967  23.283010  0.000e+00
      4.349     6.0269    22.7691    17.9020 1.2821e+00      1.385    1459.53     85.272     9.1246 109.397704    7.49311      4.390     2.9967  23.285977  0.000e+00
      4.360     6.0297    22.7698    17.9023 1.2454e+00      1.377    1459.54     85.259     9.1226 109.397704    7.49256      4.401     2.9967  23.288415  0.000e+00
      4.384     6.0281    22.7803    17.9106 1.3553e+00      1.355    1459.55     85.248     9.1211 109.397704    7.49234      4.426     2.9662  23.297161  0.000e+00
      4.407     6.0226    22.7959    17.9235 1.4286e+00      1.348    1459.54     85.239     9.1204 109.397705    7.49258      4.449     2.9662  23.308241  0.000e+00
      4.420     6.0251    22.7836    17.9136 1.3797e+00      1.341    1459.54     85.228     9.1194 109.397705    7.49272      4.462     2.9662  23.298433  0.000e+00
      4.454     6.0320    22.7196    17.8625 1.3309e+00      1.341    1459.49     85.217     9.1206 109.397706    7.49462      4.496     2.9662  23.242903  0.000e+00
      4.480     6.0494    22.6950    17.8414 1.3431e+00      1.399    1459.53     85.216     9.1181 109.397706    7.49266      4.522     2.9662  23.230827  0.000e+00
      4.502     6.0523    22.7463    17.8815 1.3187e+00      1.458    1459.60     85.207     9.1134 109.397707    7.48962      4.545     2.9662  23.280570  0.000e+00
      4.515     6.0518    22.7802    17.9083 1.3065e+00      1.509    1459.64     85.199     9.1106 109.397707    7.48805      4.558     2.9662  23.311950  0.000e+00
      4.551     6.0511    22.7842    17.9115 1.3431e+00      1.553    1459.65     85.204     9.1111 109.397708    7.48797      4.594     2.9662  23.315290  0.000e+00
      4.574     6.0467    22.7449    17.8810 1.3309e+00      1.553    1459.58     85.210     9.1151 109.397708    7.49070      4.617     2.9662  23.275801  0.000e+00
      4.575     6.0526    22.7075    17.8510 1.2821e+00      1.480    1459.56     85.138     9.1084 109.397709    7.49146      4.619     2.9662  23.244597  0.000e+00
      4.622     6.0565    22.7177    17.8587 1.3065e+00      1.421    1459.59     85.134     9.1064 109.397709    7.49024      4.666     2.9662  23.256621  0.000e+00
      4.635     6.0578    22.7473    17.8818 1.3797e+00      1.421    1459.63     85.131     9.1041 109.397710    7.48856      4.679     2.9662  23.285074  0.000e+00
      4.646     6.0513    22.7830    17.9105 1.4530e+00      1.451    1459.65     85.132     9.1035 109.397710    7.48800      4.691     2.9357  23.314283  0.000e+00
      4.692     6.0443    22.8138    17.9355 1.6361e+00      1.495    1459.66     85.122     9.1021 109.397711    7.48776      4.736     2.9662  23.338731  0.000e+00
      4.693     6.0410    22.8405    17.9568 1.7582e+00      1.495    1459.68     85.113     9.1002 109.397711    7.48706      4.738     2.9662  23.361542  0.000e+00
      4.718     6.0394    22.8584    17.9711 1.7094e+00      1.473    1459.69     85.116     9.0998 109.397712    7.48647      4.763     2.9357  23.377250  0.000e+00
      4.753     6.0346    22.8596    17.9725 1.6606e+00      1.429    1459.68     85.032     9.0918 109.397712    7.48727      4.798     2.9357  23.375446  0.000e+00
      4.766     6.0194    22.8541    17.9696 1.7216e+00      1.407    1459.61     85.106     9.1034 109.397713    7.49030      4.812     2.9357  23.360748  0.000e+00
      4.787     5.9951    22.8727    17.9867 1.9048e+00      1.392    1459.53     85.042     9.1006 109.397713    7.49380      4.833     2.9357  23.362873  0.000e+00
      4.813     5.9725    22.8799    17.9945 1.8559e+00      1.429    1459.45     85.044     9.1054 109.397714    7.49756      4.859     2.9357  23.355340  0.000e+00
      4.826     5.9647    22.8651    17.9836 1.7216e+00      1.458    1459.40     85.033     9.1068 109.397714    7.49970      4.872     2.9051  23.336669  0.000e+00
      4.849     5.9668    22.8503    17.9718 1.6972e+00      1.473    1459.39     85.021     9.1060 109.397715    7.50006      4.895     2.9051  23.324153  0.000e+00
      4.883     5.9418    22.8738    17.9927 1.6484e+00      1.436    1459.32     85.017     9.1096 109.397715    7.50345      4.929     2.9051  23.330359  0.000e+00
      4.897     5.8994    22.9207    18.0337 1.6239e+00      1.392    1459.20     85.018     9.1162 109.397716    7.50887      4.944     2.9051  23.347336  0.000e+00
      4.922     5.8665    22.9561    18.0647 1.6117e+00      1.377    1459.11     85.018     9.1213 109.397716    7.51313      4.968     2.9051  23.359540  0.000e+00
      4.944     5.8407    22.9885    18.0927 1.6606e+00      1.407    1459.05     85.018     9.1250 109.397717    7.51625      4.991     2.9051  23.373338  0.000e+00
      4.969     5.8218    23.0170    18.1170 1.7216e+00      1.465    1459.00     85.018     9.1274 109.397717    7.51830      5.016     2.8746  23.387882  0.000e+00
      4.991     5.8073    23.0189    18.1198 1.7094e+00      1.480    1458.95     85.019     9.1306 109.397717    7.52085      5.039     2.9051  23.380505  0.000e+00
      5.004     5.8188    22.9361    18.0535 1.7216e+00      1.451    1458.89     84.938     9.1244 109.397718    7.52283      5.052     2.9051  23.310961  0.000e+00
      5.040     5.8537    22.8889    18.0130 1.7094e+00      1.407    1458.98     84.842     9.1093 109.397718    7.51877      5.088     2.9051  23.289066  0.000e+00
      5.064     5.8452    22.9650    18.0737 1.6606e+00      1.385    1459.04     84.979     9.1212 109.397719    7.51658      5.112     2.9051  23.354396  0.000e+00
      5.074     5.8237    23.0415    18.1360 1.6606e+00      1.363    1459.04     84.911     9.1140 109.397719    7.51675      5.122     2.9051  23.411772  0.000e+00
      5.113     5.8076    23.0768    18.1654 1.5751e+00      1.348    1459.02     84.832     9.1069 109.397720    7.51795      5.161     2.8746  23.434397  0.000e+00
      5.124     5.7997    23.0882    18.1752 1.5629e+00      1.333    1459.00     84.819     9.1066 109.397720    7.51884      5.173     2.9051  23.439922  0.000e+00
      5.148     5.7975    23.0907    18.1773 1.6239e+00      1.311    1459.00     84.796     9.1044 109.397721    7.51911      5.197     2.9051  23.440878  0.000e+00
      5.169     5.7949    23.0934    18.1797 1.7582e+00      1.289    1458.99     84.774     9.1025 109.397721    7.51946      5.219     2.9051  23.441728  0.000e+00
      5.184     5.7961    23.0945    18.1805 1.9414e+00      1.289    1459.00     84.766     9.1013 109.397722    7.51918      5.233     2.8746  23.443534  0.000e+00
      5.219     5.7940    23.1048    18.1888 2.0024e+00      1.319    1459.00     84.761     9.1006 109.397722    7.51906      5.269     2.8746  23.451716  0.000e+00
      5.244     5.7897    23.1305    18.2094 2.0269e+00      1.348    1459.02     84.759     9.0998 109.397723    7.51858      5.294     2.8746  23.472812  0.000e+00
      5.253     5.7868    23.1477    18.2233 1.8926e+00      1.377    1459.03     84.747     9.0980 109.397723    7.51827      5.303     2.8746  23.486951  0.000e+00
      5.279     5.7827    23.1470    18.2231 1.7582e+00      1.407    1459.01     84.737     9.0979 109.397724    7.51905      5.330     2.8746  23.483709  0.000e+00
      5.304     5.7791    23.1420    18.2195 1.8315e+00      1.429    1458.99     84.728     9.0981 109.397724    7.51996      5.354     2.8746  23.476799  0.000e+00
      5.315     5.7772    23.1452    18.2222 1.9780e+00      1.436    1458.99     84.734     9.0989 109.397725    7.52014      5.366     2.8746  23.478553  0.000e+00
      5.349     5.7770    23.1508    18.2266 1.9292e+00      1.407    1458.99     84.652     9.0899 109.397725    7.51990      5.400     2.8746  23.483603  0.000e+00
      5.364     5.7770    23.1558    18.2306 1.8193e+00      1.392    1459.00     84.638     9.0881 109.397726    7.51966      5.415     2.8746  23.488227  0.000e+00
      5.399     5.7794    23.1625    18.2356 1.7460e+00      1.392    1459.02     84.704     9.0942 109.397726    7.51889      5.451     2.8746  23.495936  0.000e+00
      5.396     5.7843    23.1760    18.2458 1.7949e+00      1.385    1459.06     84.627     9.0841 109.397727    7.51733      5.447     2.8441  23.511621  0.000e+00
      5.435     5.7886    23.1887    18.2554 2.0269e+00      1.385    1459.09     84.620     9.0815 109.397727    7.51592      5.487     2.8746  23.526139  0.000e+00
      5.459     5.7907    23.1968    18.2616 2.0879e+00      1.377    1459.11     84.614     9.0800 109.397728    7.51513      5.511     2.8746  23.534969  0.000e+00
      5.470     5.7916    23.2035    18.2668 2.0269e+00      1.363    1459.12     84.612     9.0792 109.397728    7.51464      5.522     2.8441  23.541725  0.000e+00
      5.504     5.7919    23.2074    18.2699 1.8926e+00      1.326    1459.13     84.612     9.0789 109.397729    7.51440      5.557     2.8441  23.545556  0.000e+00
      5.519     5.7935    23.1933    18.2585 1.8315e+00      1.289    1459.12     84.615     9.0796 109.397729    7.51479      5.572     2.8441  23.533479  0.000e+00
      5.542     5.7992    23.1695    18.2393 1.8193e+00      1.311    1459.11     84.618     9.0802 109.397730    7.51492      5.594     2.8441  23.515076  0.000e+00
      5.564     5.8015    23.1763    18.2444 1.7338e+00      1.355    1459.13     84.625     9.0801 109.397730    7.51417      5.617     2.8441  23.522841  0.000e+00
      5.579     5.7981    23.2004    18.2637 1.6239e+00      1.363    1459.15     84.559     9.0722 109.397731    7.51360      5.632     2.8441  23.543002  0.000e+00
      5.602     5.7916    23.2263    18.2848 1.5751e+00      1.363    1459.15     84.561     9.0724 109.397731    7.51353      5.655     2.8136  23.562849  0.000e+00
      5.637     5.7815    23.2501    18.3045 1.6606e+00      1.341    1459.14     84.645     9.0821 109.397731    7.51420      5.691     2.8441  23.578445  0.000e+00
      5.647     5.7721    23.2658    18.3177 1.6850e+00      1.333    1459.12     84.588     9.0771 109.397732    7.51514      5.701     2.8441  23.587016  0.000e+00
      5.674     5.7630    23.2785    18.3286 1.7949e+00      1.399    1459.10     84.665     9.0865 109.397732    7.51617      5.728     2.8441  23.593032  0.000e+00
      5.697     5.7553    23.2885    18.3373 1.8803e+00      1.414    1459.08     84.600     9.0807 109.397733    7.51710      5.751     2.8441  23.597346  0.000e+00
      5.718     5.7447    23.3017    18.3486 1.8315e+00      1.370    1459.06     84.604     9.0827 109.397733    7.51839      5.773     2.8441  23.602724  0.000e+00
      5.733     5.7321    23.3190    18.3635 1.7582e+00      1.326    1459.03     84.611     9.0851 109.397734    7.51983      5.787     2.8136  23.610766  0.000e+00
      5.770     5.7233    23.3328    18.3752 1.7216e+00      1.289    1459.01     84.619     9.0871 109.397734    7.52077      5.825     2.8441  23.617904  0.000e+00
      5.778     5.7176    23.3414    18.3825 1.6606e+00      1.267    1458.99     84.629     9.0889 109.397735    7.52139      5.833     2.8136  23.622165  0.000e+00
      5.817     5.7139    23.3456    18.3862 1.6239e+00      1.275    1458.99     84.642     9.0908 109.397735    7.52185      5.872     2.8136  23.623763  0.000e+00
      5.828     5.7113    23.3491    18.3892 1.5263e+00      1.275    1458.98     84.644     9.0914 109.397736    7.52217      5.884     2.8136  23.625255  0.000e+00
      5.851     5.7087    23.3517    18.3914 1.4530e+00      1.260    1458.97     84.660     9.0936 109.397736    7.52251      5.907     2.7830  23.626001  0.000e+00
      5.865     5.7074    23.3525    18.3923 1.4530e+00      1.260    1458.97     84.589     9.0862 109.397737    7.52271      5.921     2.8136  23.626001  0.000e+00
      5.888     5.7071    23.3530    18.3927 1.4042e+00      1.267    1458.97     84.586     9.0859 109.397737    7.52274      5.944     2.8441  23.626268  0.000e+00
      5.922     5.7062    23.3542    18.3937 1.3431e+00      1.275    1458.97     84.586     9.0860 109.397738    7.52285      5.978     2.8136  23.626747  0.000e+00
      5.937     5.7049    23.3559    18.3952 1.2821e+00      1.282    1458.96     84.588     9.0864 109.397738    7.52300      5.993     2.8136  23.627546  0.000e+00
      5.961     5.7040    23.3568    18.3959 1.3065e+00      1.282    1458.96     84.515     9.0787 109.397739    7.52311      6.018     2.8441  23.627813  0.000e+00
      5.982     5.7029    23.3584    18.3973 1.3065e+00      1.275    1458.96     84.511     9.0784 109.397739    7.52325      6.039     2.8441  23.628505  0.000e+00
      5.997     5.7020    23.3611    18.3995 1.2821e+00      1.245    1458.96     84.509     9.0782 109.397740    7.52327      6.054     2.8136  23.630530  0.000e+00
      6.021     5.7006    23.3650    18.4027 1.3309e+00      1.231    1458.96     84.511     9.0785 109.397740    7.52334      6.078     2.8441  23.633194  0.000e+00
      6.042     5.6992    23.3679    18.4052 1.4042e+00      1.231    1458.96     84.515     9.0791 109.397741    7.52346      6.099     2.8136  23.635005  0.000e+00
      6.056     5.6986    23.3689    18.4060 1.3919e+00      1.231    1458.96     84.522     9.0799 109.397741    7.52352      6.114     2.8136  23.635538  0.000e+00
      6.092     5.6981    23.3712    18.4079 1.4042e+00      1.209    1458.96     84.443     9.0714 109.397742    7.52349      6.150     2.8136  23.637349  0.000e+00
      6.113     5.6975    23.3741    18.4102 1.3553e+00      1.201    1458.96     84.420     9.0689 109.397742    7.52347      6.171     2.8136  23.639587  0.000e+00
      6.128     5.6968    23.3754    18.4113 1.3431e+00      1.201    1458.96     84.424     9.0693 109.397743    7.52351      6.186     2.8136  23.640440  0.000e+00
      6.152     5.6962    23.3766    18.4123 1.3675e+00      1.194    1458.96     84.419     9.0689 109.397743    7.52358      6.211     2.8441  23.641079  0.000e+00
      6.160     5.6960    23.3781    18.4134 1.3797e+00      1.187    1458.96     84.404     9.0672 109.397744    7.52354      6.219     2.8136  23.642358  0.000e+00
