ctd/data/2024/seabird/GF6.cnv
* Sea-Bird SBE 9 Data File:
* FileName = C:\CTD Brukere\UiO Kurs\Geo kurs 2024\GF6.hex
* Software Version Seasave V 7.26.7.121
* Temperature SN = 5352
* Conductivity SN = 3840
* Number of Bytes Per Scan = 38
* Number of Voltage Words = 5
* Number of Scans Averaged by the Deck Unit = 1
* NMEA Latitude = 59 53.32 N
* NMEA Longitude = 010 39.93 E
* NMEA UTC (Time) = Apr 18 2024 09:29:01
* NMEA baud rate = 4800
** Ship: R/V Trygve Braarud
** Cruise:
** Station:
** Operator:
# nquan = 15
# nvalues = 2460                                  
# units = specified
# name 0 = depSM: Depth [salt water, m]
# name 1 = t090C: Temperature [ITS-90, deg C]
# name 2 = sal00: Salinity, Practical [PSU]
# name 3 = sigma-t00: Density [sigma-t, kg/m^3 ]
# name 4 = flSP: Fluorescence, Seapoint
# name 5 = seaTurbMtr: Turbidity, Seapoint [FTU]
# name 6 = svCM: Sound Velocity [Chen-Millero, m/s]
# name 7 = sbeox0PS: Oxygen, SBE 43 [% saturation]
# name 8 = sbeox0Mg/L: Oxygen, SBE 43 [mg/l]
# name 9 = timeJ: Julian Days
# name 10 = oxsatML/L: Oxygen Saturation, Weiss [ml/l]
# name 11 = prDM: Pressure, Digiquartz [db]
# name 12 = wetStar: Fluorescence, WET Labs WETstar [mg/m^3]
# name 13 = c0mS/cm: Conductivity [mS/cm]
# name 14 = flag:  0.000e+00
# span 0 =      0.168,     45.646                 
# span 1 =     3.9246,     7.8934                 
# span 2 =    20.6785,    32.6991                 
# span 3 =    16.2076,    25.4837                 
# span 4 = 8.5470e-02, 2.0879e+00                 
# span 5 =      0.916,     23.868                 
# span 6 =    1454.99,    1479.97                 
# span 7 =     40.034,     87.332                 
# span 8 =     4.2911,     9.3577                 
# span 9 = 109.397465, 109.398651                 
# span 10 =    6.72270,    7.71867                
# span 11 =      0.170,     46.085                
# span 12 =    -0.3000,     3.6377                
# span 13 =  21.616487,  33.987729                
# span 14 = 0.0000e+00, 0.0000e+00                
# interval = seconds: 0.0416667
# start_time = Apr 18 2024 09:32:21 [System UTC, first data scan.]
# bad_flag = -9.990e-29
*END*
[from data line 579]
      6.212     5.6951    23.3812    18.4160 1.4164e+00      1.179    1458.96     84.306     9.0567 109.397745    7.52355      6.271     2.8136  23.644649  0.000e+00
      6.233     5.6951    23.3831    18.4175 1.3187e+00      1.253    1458.96     84.287     9.0546 109.397745    7.52346      6.292     2.8136  23.646461  0.000e+00
      6.259     5.6952    23.3848    18.4189 1.2088e+00      1.341    1458.97     84.272     9.0528 109.397745    7.52334      6.318     2.8136  23.648166  0.000e+00
      6.283     5.6954    23.3858    18.4196 1.1722e+00      1.333    1458.97     84.260     9.0514 109.397746    7.52327      6.343     2.8136  23.649125  0.000e+00
      6.304     5.6955    23.3881    18.4214 1.2088e+00      1.282    1458.97     84.250     9.0502 109.397746    7.52312      6.364     2.8136  23.651416  0.000e+00
      6.330     5.6962    23.3923    18.4247 1.2698e+00      1.231    1458.98     84.243     9.0491 109.397747    7.52280      6.390     2.8136  23.655679  0.000e+00
      6.340     5.6973    23.3942    18.4260 1.3187e+00      1.194    1458.99     84.162     9.0400 109.397747    7.52250      6.400     2.8136  23.658131  0.000e+00
      6.367     5.6979    23.3961    18.4275 1.3309e+00      1.187    1458.99     84.150     9.0384 109.397748    7.52230      6.428     2.8136  23.660316  0.000e+00
      6.390     5.6986    23.3966    18.4279 1.2332e+00      1.194    1459.00     84.141     9.0373 109.397748    7.52215      6.451     2.7830  23.661222  0.000e+00
      6.411     5.6995    23.3961    18.4274 1.1722e+00      1.216    1459.00     84.124     9.0353 109.397749    7.52200      6.472     2.7830  23.661382  0.000e+00
      6.439     5.7003    23.3996    18.4300 1.1477e+00      1.238    1459.01     84.109     9.0334 109.397749    7.52170      6.500     2.7830  23.665059  0.000e+00
      6.463     5.7011    23.4033    18.4329 1.1477e+00      1.253    1459.02     84.110     9.0330 109.397750    7.52136      6.524     2.8136  23.669003  0.000e+00
      6.471     5.7020    23.4041    18.4334 1.3065e+00      1.238    1459.02     84.102     9.0319 109.397750    7.52115      6.533     2.7830  23.670389  0.000e+00
      6.498     5.7020    23.4045    18.4338 1.4042e+00      1.209    1459.02     84.097     9.0313 109.397751    7.52113      6.560     2.7830  23.670762  0.000e+00
      6.520     5.7024    23.4046    18.4337 1.3675e+00      1.172    1459.02     84.017     9.0227 109.397751    7.52106      6.582     2.8136  23.671029  0.000e+00
      6.545     5.7025    23.4049    18.4340 1.2698e+00      1.150    1459.03     84.007     9.0215 109.397752    7.52102      6.608     2.7830  23.671455  0.000e+00
      6.570     5.7025    23.4046    18.4338 1.2454e+00      1.179    1459.03     83.999     9.0208 109.397752    7.52103      6.632     2.8136  23.671189  0.000e+00
      6.578     5.7030    23.4034    18.4327 1.2576e+00      1.201    1459.03     83.996     9.0203 109.397753    7.52101      6.640     2.7830  23.670336  0.000e+00
      6.618     5.7041    23.4029    18.4323 1.3553e+00      1.187    1459.03     83.995     9.0201 109.397753    7.52083      6.681     2.7830  23.670656  0.000e+00
      6.638     5.7044    23.4060    18.4347 1.3431e+00      1.172    1459.04     83.998     9.0201 109.397754    7.52062      6.701     2.7830  23.673694  0.000e+00
      6.641     5.7050    23.4087    18.4368 1.2332e+00      1.143    1459.04     83.992     9.0192 109.397754    7.52038      6.704     2.7830  23.676572  0.000e+00
      6.677     5.7049    23.4097    18.4376 1.1477e+00      1.128    1459.04     83.990     9.0189 109.397755    7.52035      6.740     2.8136  23.677425  0.000e+00
      6.711     5.7054    23.4103    18.4380 1.0623e+00      1.143    1459.05     83.925     9.0118 109.397755    7.52023      6.774     2.8136  23.678332  0.000e+00
      6.714     5.7059    23.4099    18.4376 1.0745e+00      1.194    1459.05     83.917     9.0109 109.397756    7.52016      6.778     2.7830  23.678278  0.000e+00
      6.746     5.7076    23.4015    18.4308 1.1477e+00      1.201    1459.04     83.925     9.0119 109.397756    7.52027      6.810     2.7830  23.671562  0.000e+00
      6.772     5.7109    23.3939    18.4245 1.1233e+00      1.165    1459.05     83.924     9.0115 109.397757    7.52002      6.837     2.8136  23.666764  0.000e+00
      6.772     5.7120    23.3974    18.4272 1.0501e+00      1.128    1459.06     83.927     9.0113 109.397757    7.51965      6.837     2.7830  23.670655  0.000e+00
      6.817     5.7111    23.4040    18.4324 9.8901e-01      1.121    1459.06     83.934     9.0119 109.397758    7.51950      6.882     2.8136  23.676146  0.000e+00
      6.832     5.7100    23.4082    18.4359 1.0012e+00      1.143    1459.06     83.944     9.0130 109.397758    7.51949      6.897     2.8136  23.679398  0.000e+00
      6.853     5.7096    23.4105    18.4378 1.0745e+00      1.136    1459.07     83.880     9.0061 109.397758    7.51944      6.918     2.7830  23.681317  0.000e+00
      6.869     5.7092    23.4115    18.4386 1.1233e+00      1.121    1459.07     83.886     9.0067 109.397759    7.51948      6.935     2.7830  23.681903  0.000e+00
      6.902     5.7098    23.4123    18.4391 1.1111e+00      1.121    1459.07     83.895     9.0075 109.397759    7.51933      6.967     2.7830  23.683023  0.000e+00
      6.916     5.7100    23.4143    18.4407 1.1355e+00      1.128    1459.07     83.909     9.0088 109.397760    7.51920      6.982     2.7830  23.684996  0.000e+00
      6.940     5.7104    23.4151    18.4413 1.1233e+00      1.121    1459.08     83.914     9.0092 109.397760    7.51907      7.007     2.7830  23.686009  0.000e+00
      6.960     5.7103    23.4154    18.4415 1.0623e+00      1.121    1459.08     83.845     9.0018 109.397761    7.51909      7.026     2.7830  23.686222  0.000e+00
      6.987     5.7108    23.4132    18.4398 1.1233e+00      1.106    1459.08     83.846     9.0019 109.397761    7.51910      7.054     2.7830  23.684569  0.000e+00
      7.008     5.7111    23.4107    18.4378 1.1477e+00      1.077    1459.08     83.850     9.0025 109.397762    7.51917      7.075     2.7830  23.682437  0.000e+00
      7.036     5.7122    23.4108    18.4377 1.1477e+00      1.084    1459.08     83.846     9.0018 109.397762    7.51896      7.103     2.7830  23.683236  0.000e+00
      7.055     5.7119    23.4139    18.4402 1.1600e+00      1.114    1459.08     83.846     9.0017 109.397763    7.51887      7.123     2.7830  23.685902  0.000e+00
      7.072     5.7119    23.4159    18.4418 1.1111e+00      1.143    1459.09     83.849     9.0019 109.397763    7.51877      7.139     2.7830  23.687768  0.000e+00
      7.093     5.7111    23.4176    18.4432 1.1355e+00      1.121    1459.09     83.856     9.0027 109.397764    7.51883      7.160     2.7830  23.688835  0.000e+00
      7.120     5.7111    23.4179    18.4434 1.1966e+00      1.099    1459.09     83.789     8.9955 109.397764    7.51881      7.188     2.7830  23.689101  0.000e+00
      7.156     5.7109    23.4180    18.4435 1.2698e+00      1.099    1459.09     83.791     8.9958 109.397765    7.51884      7.224     2.7525  23.689101  0.000e+00
      7.164     5.7105    23.4183    18.4438 1.2821e+00      1.099    1459.08     83.785     8.9952 109.397765    7.51891      7.232     2.7830  23.689101  0.000e+00
      7.203     5.7104    23.4183    18.4438 1.2698e+00      1.099    1459.09     83.705     8.9866 109.397766    7.51892      7.271     2.7525  23.689048  0.000e+00
      7.211     5.7100    23.4186    18.4441 1.2210e+00      1.099    1459.08     83.772     8.9939 109.397766    7.51899      7.280     2.7525  23.689048  0.000e+00
      7.238     5.7103    23.4186    18.4440 1.1477e+00      1.084    1459.09     83.776     8.9943 109.397767    7.51893      7.307     2.7525  23.689261  0.000e+00
      7.247     5.7103    23.4182    18.4438 1.0256e+00      1.062    1459.09     83.707     8.9869 109.397767    7.51895      7.316     2.7830  23.688942  0.000e+00
      7.287     5.7103    23.4181    18.4437 9.7680e-01      1.055    1459.09     83.708     8.9869 109.397768    7.51895      7.356     2.7830  23.688835  0.000e+00
      7.295     5.7103    23.4184    18.4439 9.5238e-01      1.136    1459.09     83.699     8.9860 109.397768    7.51894      7.365     2.7830  23.689155  0.000e+00
      7.347     5.7103    23.4193    18.4447 9.7680e-01      1.187    1459.09     83.695     8.9855 109.397769    7.51889      7.417     2.7830  23.690008  0.000e+00
      7.355     5.7109    23.4192    18.4444 9.6459e-01      1.172    1459.09     83.616     8.9769 109.397769    7.51878      7.425     2.7830  23.690275  0.000e+00
      7.371     5.7109    23.4199    18.4450 1.0012e+00      1.136    1459.09     83.607     8.9759 109.397770    7.51874      7.441     2.8136  23.690915  0.000e+00
      7.402     5.7113    23.4201    18.4451 1.0989e+00      1.106    1459.09     83.602     8.9753 109.397770    7.51867      7.472     2.7830  23.691341  0.000e+00
      7.418     5.7114    23.4204    18.4454 1.0867e+00      1.070    1459.10     83.601     8.9751 109.397771    7.51863      7.489     2.7830  23.691768  0.000e+00
      7.418     5.7114    23.4200    18.4451 1.0256e+00      1.033    1459.10     83.591     8.9741 109.397771    7.51865      7.489     2.7830  23.691394  0.000e+00
      7.475     5.7119    23.4175    18.4431 1.0379e+00      1.033    1459.09     83.585     8.9735 109.397772    7.51869      7.546     2.7830  23.689422  0.000e+00
      7.489     5.7128    23.4149    18.4409 1.0134e+00      1.033    1459.10     83.505     8.9648 109.397772    7.51865      7.561     2.7830  23.687556  0.000e+00
      7.510     5.7130    23.4155    18.4414 9.4017e-01      1.033    1459.10     83.572     8.9719 109.397772    7.51859      7.582     2.7830  23.688249  0.000e+00
      7.525     5.7123    23.4172    18.4428 9.0354e-01      1.033    1459.10     83.576     8.9725 109.397773    7.51862      7.597     2.7830  23.689422  0.000e+00
      7.557     5.7117    23.4172    18.4428 9.0354e-01      1.040    1459.10     83.507     8.9652 109.397773    7.51873      7.629     2.7830  23.689049  0.000e+00
      7.562     5.7114    23.4184    18.4438 9.6459e-01      1.048    1459.10     83.507     8.9652 109.397774    7.51873      7.634     2.7525  23.689902  0.000e+00
      7.606     5.7125    23.4114    18.4382 9.8901e-01      1.062    1459.09     83.512     8.9658 109.397774    7.51887      7.678     2.7830  23.684197  0.000e+00
      7.609     5.7155    23.3996    18.4286 9.2796e-01      1.055    1459.09     83.507     8.9653 109.397775    7.51891      7.682     2.7830  23.675241  0.000e+00
      7.642     5.7183    23.3908    18.4214 8.7912e-01      1.040    1459.09     83.505     8.9651 109.397775    7.51882      7.714     2.7830  23.668898  0.000e+00
      7.669     5.7182    23.3955    18.4251 9.5238e-01      1.026    1459.10     83.508     8.9652 109.397776    7.51861      7.742     2.7830  23.673215  0.000e+00
      7.677     5.7149    23.4060    18.4337 1.1233e+00      1.011    1459.10     83.515     8.9660 109.397776    7.51870      7.750     2.7830  23.680785  0.000e+00
      7.718     5.7092    23.4149    18.4412 1.2576e+00      1.018    1459.08     83.448     8.9595 109.397777    7.51931      7.791     2.7830  23.685317  0.000e+00
      7.724     5.7008    23.4261    18.4509 1.2088e+00      1.033    1459.06     83.452     8.9610 109.397777    7.52030      7.798     2.7525  23.690276  0.000e+00
      7.753     5.6898    23.4384    18.4616 1.0379e+00      1.033    1459.03     83.460     8.9635 109.397778    7.52169      7.827     2.7830  23.694649  0.000e+00
      7.784     5.6770    23.4502    18.4721 9.2796e-01      1.026    1459.00     83.472     8.9669 109.397778    7.52346      7.858     2.8136  23.697317  0.000e+00
      7.765     5.6653    23.4608    18.4816 9.0354e-01      1.011    1458.96     83.475     8.9691 109.397779    7.52508      7.839     2.7830  23.699610  0.000e+00
      7.857     5.6552    23.4703    18.4900 8.5470e-01      1.004    1458.93     83.405     8.9632 109.397779    7.52647      7.932     2.7830  23.701851  0.000e+00
      7.844     5.6484    23.4769    18.4959 8.0586e-01      1.004    1458.91     83.480     8.9724 109.397780    7.52739      7.919     2.7830  23.703611  0.000e+00
      7.873     5.6422    23.4821    18.5006 7.8144e-01      1.011    1458.90     83.416     8.9665 109.397780    7.52826      7.948     2.7830  23.704465  0.000e+00
      7.904     5.6365    23.4863    18.5044 8.3028e-01      1.040    1458.88     83.422     8.9681 109.397781    7.52910      7.979     2.7830  23.704679  0.000e+00
      7.909     5.6315    23.4904    18.5081 9.2796e-01      1.040    1458.86     83.430     8.9699 109.397781    7.52982      7.984     2.7525  23.705213  0.000e+00
      7.952     5.6269    23.4938    18.5112 1.0623e+00      1.033    1458.85     83.444     8.9721 109.397782    7.53049      8.028     2.7830  23.705426  0.000e+00
      7.956     5.6236    23.4961    18.5134 1.0134e+00      1.070    1458.84     83.448     8.9731 109.397782    7.53099      8.032     2.7830  23.705427  0.000e+00
      7.999     5.6215    23.4979    18.5150 9.1575e-01      1.114    1458.83     83.456     8.9743 109.397783    7.53128      8.076     2.7830  23.705747  0.000e+00
      8.016     5.6184    23.5007    18.5175 9.5238e-01      1.114    1458.82     83.467     8.9760 109.397783    7.53172      8.092     2.7830  23.706334  0.000e+00
      8.035     5.6160    23.5034    18.5198 1.0256e+00      1.099    1458.82     83.481     8.9779 109.397784    7.53202      8.112     2.7830  23.707294  0.000e+00
      8.051     5.6141    23.5050    18.5213 9.5238e-01      1.106    1458.81     83.421     8.9718 109.397784    7.53229      8.128     2.7830  23.707561  0.000e+00
      8.084     5.6126    23.5061    18.5222 8.5470e-01      1.158    1458.81     83.419     8.9718 109.397785    7.53252      8.161     2.7830  23.707561  0.000e+00
      8.100     5.6116    23.5070    18.5230 7.9365e-01      1.165    1458.80     83.420     8.9721 109.397785    7.53267      8.177     2.7830  23.707721  0.000e+00
      8.131     5.6110    23.5073    18.5234 7.5702e-01      1.128    1458.80     83.424     8.9727 109.397785    7.53276      8.208     2.7830  23.707668  0.000e+00
      8.144     5.6102    23.5087    18.5246 7.3260e-01      1.092    1458.80     83.432     8.9736 109.397786    7.53283      8.221     2.7830  23.708468  0.000e+00
      8.171     5.6085    23.5116    18.5270 7.2039e-01      1.070    1458.80     83.366     8.9667 109.397786    7.53301      8.249     2.7830  23.710015  0.000e+00
      8.191     5.6061    23.5140    18.5291 7.3260e-01      1.040    1458.79     83.447     8.9758 109.397787    7.53332      8.269     2.7830  23.710762  0.000e+00
      8.220     5.6047    23.5154    18.5303 8.0586e-01      1.026    1458.79     83.389     8.9697 109.397787    7.53352      8.298     2.7830  23.711082  0.000e+00
      8.239     5.6012    23.5191    18.5336 8.3028e-01      1.018    1458.78     83.388     8.9701 109.397788    7.53397      8.318     2.7830  23.712255  0.000e+00
      8.267     5.5968    23.5229    18.5370 8.3028e-01      1.004    1458.76     83.390     8.9712 109.397788    7.53460      8.345     2.7830  23.712949  0.000e+00
      8.275     5.5919    23.5272    18.5408 8.7912e-01      0.996    1458.75     83.396     8.9726 109.397789    7.53529      8.354     2.7830  23.713696  0.000e+00
      8.302     5.5880    23.5301    18.5435 8.6691e-01      0.982    1458.74     83.393     8.9730 109.397789    7.53585      8.381     2.7830  23.713963  0.000e+00
      8.335     5.5843    23.5324    18.5456 7.9365e-01      0.974    1458.73     83.406     8.9750 109.397790    7.53643      8.414     2.7830  23.713644  0.000e+00
