ctd/data/2024/seabird/GF6.cnv
* Sea-Bird SBE 9 Data File:
* FileName = C:\CTD Brukere\UiO Kurs\Geo kurs 2024\GF6.hex
* Software Version Seasave V 7.26.7.121
* Temperature SN = 5352
* Conductivity SN = 3840
* Number of Bytes Per Scan = 38
* Number of Voltage Words = 5
* Number of Scans Averaged by the Deck Unit = 1
* NMEA Latitude = 59 53.32 N
* NMEA Longitude = 010 39.93 E
* NMEA UTC (Time) = Apr 18 2024 09:29:01
* NMEA baud rate = 4800
** Ship: R/V Trygve Braarud
** Cruise:
** Station:
** Operator:
# nquan = 15
# nvalues = 2460                                  
# units = specified
# name 0 = depSM: Depth [salt water, m]
# name 1 = t090C: Temperature [ITS-90, deg C]
# name 2 = sal00: Salinity, Practical [PSU]
# name 3 = sigma-t00: Density [sigma-t, kg/m^3 ]
# name 4 = flSP: Fluorescence, Seapoint
# name 5 = seaTurbMtr: Turbidity, Seapoint [FTU]
# name 6 = svCM: Sound Velocity [Chen-Millero, m/s]
# name 7 = sbeox0PS: Oxygen, SBE 43 [% saturation]
# name 8 = sbeox0Mg/L: Oxygen, SBE 43 [mg/l]
# name 9 = timeJ: Julian Days
# name 10 = oxsatML/L: Oxygen Saturation, Weiss [ml/l]
# name 11 = prDM: Pressure, Digiquartz [db]
# name 12 = wetStar: Fluorescence, WET Labs WETstar [mg/m^3]
# name 13 = c0mS/cm: Conductivity [mS/cm]
# name 14 = flag:  0.000e+00
# span 0 =      0.168,     45.646                 
# span 1 =     3.9246,     7.8934                 
# span 2 =    20.6785,    32.6991                 
# span 3 =    16.2076,    25.4837                 
# span 4 = 8.5470e-02, 2.0879e+00                 
# span 5 =      0.916,     23.868                 
# span 6 =    1454.99,    1479.97                 
# span 7 =     40.034,     87.332                 
# span 8 =     4.2911,     9.3577                 
# span 9 = 109.397465, 109.398651                 
# span 10 =    6.72270,    7.71867                
# span 11 =      0.170,     46.085                
# span 12 =    -0.3000,     3.6377                
# span 13 =  21.616487,  33.987729                
# span 14 = 0.0000e+00, 0.0000e+00                
# interval = seconds: 0.0416667
# start_time = Apr 18 2024 09:32:21 [System UTC, first data scan.]
# bad_flag = -9.990e-29
*END*
[from data line 2410]
     44.840     7.8456    32.6903    25.4825 9.7680e-02      1.407    1479.77     48.199     4.6311 109.398628    6.73036     45.272     1.2568  33.938549  0.000e+00
     44.892     7.8548    32.6920    25.4825 9.7680e-02      1.377    1479.81     48.199     4.6300 109.398628    6.72887     45.324     1.2263  33.948163  0.000e+00
     44.887     7.8648    32.6951    25.4835 9.7680e-02      1.363    1479.85     48.198     4.6288 109.398628    6.72718     45.319     1.2263  33.959909  0.000e+00
     44.912     7.8740    32.6970    25.4837 9.7680e-02      1.355    1479.89     48.198     4.6278 109.398629    6.72568     45.344     1.2263  33.969708  0.000e+00
     44.925     7.8799    32.6966    25.4825 9.7680e-02      1.363    1479.91     48.199     4.6273 109.398629    6.72478     45.357     1.2263  33.974517  0.000e+00
     44.952     7.8830    32.6960    25.4817 8.5470e-02      1.392    1479.92     48.201     4.6272 109.398630    6.72433     45.385     1.2263  33.976708  0.000e+00
     44.960     7.8844    32.6942    25.4800 8.5470e-02      1.399    1479.92     48.203     4.6273 109.398630    6.72419     45.393     1.2263  33.976282  0.000e+00
     44.985     7.8835    32.6950    25.4808 8.5470e-02      1.414    1479.92     48.206     4.6276 109.398631    6.72430     45.418     1.2568  33.976221  0.000e+00
     45.008     7.8836    32.6948    25.4806 9.7680e-02      1.414    1479.92     48.209     4.6279 109.398631    6.72429     45.441     1.2568  33.976099  0.000e+00
     45.025     7.8836    32.6946    25.4804 9.7680e-02      1.392    1479.92     48.213     4.6283 109.398632    6.72430     45.459     1.2263  33.975978  0.000e+00
     45.056     7.8838    32.6945    25.4803 8.5470e-02      1.363    1479.92     48.217     4.6287 109.398632    6.72428     45.490     1.2263  33.975978  0.000e+00
     45.056     7.8838    32.6942    25.4801 8.5470e-02      1.348    1479.92     48.221     4.6291 109.398633    6.72429     45.490     1.2568  33.975734  0.000e+00
     45.056     7.8835    32.6944    25.4803 8.5470e-02      1.355    1479.92     48.226     4.6296 109.398633    6.72433     45.490     1.2568  33.975673  0.000e+00
     45.061     7.8833    32.6948    25.4806 9.7680e-02      1.377    1479.92     48.231     4.6301 109.398634    6.72433     45.495     1.2568  33.975917  0.000e+00
     45.092     7.8838    32.6969    25.4822 9.7680e-02      1.407    1479.93     48.237     4.6306 109.398634    6.72417     45.526     1.2873  33.978291  0.000e+00
     45.116     7.8855    32.6979    25.4827 9.7680e-02      1.436    1479.93     48.244     4.6310 109.398635    6.72386     45.550     1.2568  33.980726  0.000e+00
     45.110     7.8870    32.6977    25.4824 9.7680e-02      1.451    1479.94     48.250     4.6314 109.398635    6.72364     45.544     1.2568  33.981883  0.000e+00
     45.128     7.8883    32.6976    25.4821 1.2210e-01      1.443    1479.94     48.257     4.6320 109.398636    6.72345     45.562     1.2568  33.982857  0.000e+00
     45.141     7.8894    32.6978    25.4821 1.2210e-01      1.443    1479.95     48.265     4.6326 109.398636    6.72327     45.575     1.2263  33.984014  0.000e+00
     45.165     7.8910    32.6978    25.4819 1.0989e-01      1.443    1479.95     48.273     4.6332 109.398637    6.72302     45.600     1.2568  33.985475  0.000e+00
     45.193     7.8924    32.6978    25.4817 9.7680e-02      1.451    1479.96     48.281     4.6338 109.398637    6.72280     45.628     1.2568  33.986753  0.000e+00
     45.177     7.8929    32.6978    25.4816 9.7680e-02      1.465    1479.96     48.279     4.6336 109.398638    6.72273     45.611     1.2568  33.987119  0.000e+00
     45.212     7.8934    32.6968    25.4807 9.7680e-02      1.495    1479.96     48.288     4.6344 109.398638    6.72270     45.647     1.2568  33.986632  0.000e+00
     45.212     7.8926    32.6962    25.4804 9.7680e-02      1.516    1479.96     48.297     4.6354 109.398639    6.72285     45.647     1.2568  33.985353  0.000e+00
     45.230     7.8912    32.6965    25.4808 8.5470e-02      1.516    1479.96     48.296     4.6355 109.398639    6.72305     45.665     1.2568  33.984440  0.000e+00
     45.248     7.8912    32.6978    25.4819 8.5470e-02      1.502    1479.96     48.306     4.6364 109.398640    6.72299     45.683     1.2568  33.985719  0.000e+00
     45.261     7.8926    32.6980    25.4818 9.7680e-02      1.480    1479.96     48.316     4.6372 109.398640    6.72277     45.696     1.2263  33.987058  0.000e+00
     45.248     7.8929    32.6972    25.4812 8.5470e-02      1.458    1479.96     48.239     4.6298 109.398641    6.72275     45.683     1.2568  33.986693  0.000e+00
     45.326     7.8921    32.6972    25.4812 9.7680e-02      1.458    1479.96     48.316     4.6373 109.398641    6.72287     45.762     1.2568  33.985962  0.000e+00
     45.308     7.8920    32.6962    25.4805 8.5470e-02      1.465    1479.96     48.317     4.6374 109.398641    6.72294     45.744     1.2568  33.984927  0.000e+00
     45.321     7.8915    32.6958    25.4803 8.5470e-02      1.473    1479.96     48.317     4.6375 109.398642    6.72303     45.757     1.2568  33.984136  0.000e+00
     45.349     7.8908    32.6962    25.4806 8.5470e-02      1.473    1479.96     48.318     4.6376 109.398642    6.72312     45.785     1.2568  33.983832  0.000e+00
     45.345     7.8902    32.6963    25.4808 8.5470e-02      1.473    1479.95     48.319     4.6377 109.398643    6.72321     45.782     1.2568  33.983405  0.000e+00
     45.381     7.8900    32.6964    25.4809 9.7680e-02      1.465    1479.95     48.243     4.6305 109.398643    6.72323     45.818     1.2568  33.983406  0.000e+00
     45.357     7.8897    32.6964    25.4809 9.7680e-02      1.465    1479.95     48.309     4.6369 109.398644    6.72328     45.793     1.2568  33.983101  0.000e+00
     45.422     7.8895    32.6970    25.4815 9.7680e-02      1.487    1479.95     48.311     4.6370 109.398644    6.72328     45.859     1.2568  33.983588  0.000e+00
     45.417     7.8894    32.6974    25.4818 9.7680e-02      1.524    1479.95     48.235     4.6298 109.398645    6.72329     45.854     1.2263  33.983771  0.000e+00
     45.428     7.8900    32.6974    25.4817 8.5470e-02      1.560    1479.96     48.226     4.6288 109.398645    6.72319     45.865     1.2568  33.984380  0.000e+00
     45.458     7.8904    32.6978    25.4820 9.7680e-02      1.575    1479.96     48.217     4.6279 109.398646    6.72311     45.895     1.2568  33.985111  0.000e+00
     45.453     7.8908    32.6976    25.4817 8.5470e-02      1.560    1479.96     48.209     4.6271 109.398646    6.72306     45.890     1.2568  33.985232  0.000e+00
     45.477     7.8913    32.6976    25.4817 9.7680e-02      1.531    1479.96     48.201     4.6263 109.398647    6.72298     45.915     1.2568  33.985719  0.000e+00
     45.482     7.8912    32.6983    25.4823 9.7680e-02      1.538    1479.96     48.270     4.6329 109.398647    6.72297     45.920     1.2568  33.986267  0.000e+00
     45.513     7.8914    32.6988    25.4826 9.7680e-02      1.553    1479.96     48.197     4.6258 109.398648    6.72291     45.951     1.2263  33.986998  0.000e+00
     45.513     7.8920    32.6991    25.4828 9.7680e-02      1.575    1479.97     48.190     4.6251 109.398648    6.72281     45.951     1.2263  33.987729  0.000e+00
     45.537     7.8921    32.6988    25.4825 8.5470e-02      1.575    1479.97     48.183     4.6244 109.398649    6.72280     45.975     1.2263  33.987607  0.000e+00
     45.542     7.8918    32.6984    25.4823 8.5470e-02      1.575    1479.97     48.177     4.6239 109.398649    6.72287     45.980     1.2263  33.986937  0.000e+00
     45.562     7.8913    32.6985    25.4824 9.7680e-02      1.582    1479.96     48.171     4.6234 109.398650    6.72294     46.000     1.2568  33.986572  0.000e+00
     45.586     7.8920    32.6980    25.4819 9.7680e-02      1.582    1479.97     48.166     4.6229 109.398650    6.72286     46.024     1.2568  33.986694  0.000e+00
     45.626     7.8921    32.6979    25.4818 9.7680e-02      1.560    1479.97     48.161     4.6224 109.398651    6.72284     46.065     1.2568  33.986755  0.000e+00
     45.646     7.8923    32.6982    25.4820 8.5470e-02      1.546    1479.97     48.157     4.6220 109.398651    6.72280     46.085     1.2568  33.987181  0.000e+00
