ctd/data/2024/seabird/GF6.cnv
* Sea-Bird SBE 9 Data File:
* FileName = C:\CTD Brukere\UiO Kurs\Geo kurs 2024\GF6.hex
* Software Version Seasave V 7.26.7.121
* Temperature SN = 5352
* Conductivity SN = 3840
* Number of Bytes Per Scan = 38
* Number of Voltage Words = 5
* Number of Scans Averaged by the Deck Unit = 1
* NMEA Latitude = 59 53.32 N
* NMEA Longitude = 010 39.93 E
* NMEA UTC (Time) = Apr 18 2024 09:29:01
* NMEA baud rate = 4800
** Ship: R/V Trygve Braarud
** Cruise:
** Station:
** Operator:
# nquan = 15
# nvalues = 2460                                  
# units = specified
# name 0 = depSM: Depth [salt water, m]
# name 1 = t090C: Temperature [ITS-90, deg C]
# name 2 = sal00: Salinity, Practical [PSU]
# name 3 = sigma-t00: Density [sigma-t, kg/m^3 ]
# name 4 = flSP: Fluorescence, Seapoint
# name 5 = seaTurbMtr: Turbidity, Seapoint [FTU]
# name 6 = svCM: Sound Velocity [Chen-Millero, m/s]
# name 7 = sbeox0PS: Oxygen, SBE 43 [% saturation]
# name 8 = sbeox0Mg/L: Oxygen, SBE 43 [mg/l]
# name 9 = timeJ: Julian Days
# name 10 = oxsatML/L: Oxygen Saturation, Weiss [ml/l]
# name 11 = prDM: Pressure, Digiquartz [db]
# name 12 = wetStar: Fluorescence, WET Labs WETstar [mg/m^3]
# name 13 = c0mS/cm: Conductivity [mS/cm]
# name 14 = flag:  0.000e+00
# span 0 =      0.168,     45.646                 
# span 1 =     3.9246,     7.8934                 
# span 2 =    20.6785,    32.6991                 
# span 3 =    16.2076,    25.4837                 
# span 4 = 8.5470e-02, 2.0879e+00                 
# span 5 =      0.916,     23.868                 
# span 6 =    1454.99,    1479.97                 
# span 7 =     40.034,     87.332                 
# span 8 =     4.2911,     9.3577                 
# span 9 = 109.397465, 109.398651                 
# span 10 =    6.72270,    7.71867                
# span 11 =      0.170,     46.085                
# span 12 =    -0.3000,     3.6377                
# span 13 =  21.616487,  33.987729                
# span 14 = 0.0000e+00, 0.0000e+00                
# interval = seconds: 0.0416667
# start_time = Apr 18 2024 09:32:21 [System UTC, first data scan.]
# bad_flag = -9.990e-29
*END*
[from data line 2217]
     42.221     7.7664    32.6349    25.4503 9.7680e-02      1.355    1479.35     48.222     4.6433 109.398534    6.74504     42.626     1.2568  33.816320  0.000e+00
     42.221     7.7662    32.6363    25.4514 9.7680e-02      1.377    1479.35     48.227     4.6438 109.398535    6.74500     42.626     1.2568  33.817414  0.000e+00
     42.208     7.7653    32.6369    25.4520 8.5470e-02      1.429    1479.35     48.235     4.6446 109.398535    6.74512     42.613     1.2568  33.817171  0.000e+00
     42.221     7.7635    32.6368    25.4522 8.5470e-02      1.458    1479.34     48.245     4.6458 109.398536    6.74540     42.626     1.2568  33.815592  0.000e+00
     42.208     7.7627    32.6371    25.4526 8.5470e-02      1.429    1479.34     48.246     4.6459 109.398536    6.74551     42.613     1.2263  33.815166  0.000e+00
     42.196     7.7629    32.6365    25.4521 9.7680e-02      1.385    1479.34     48.248     4.6462 109.398537    6.74551     42.602     1.2568  33.814680  0.000e+00
     42.208     7.7620    32.6368    25.4525 9.7680e-02      1.355    1479.34     48.177     4.6393 109.398537    6.74562     42.613     1.2263  33.814316  0.000e+00
     42.208     7.7606    32.6383    25.4538 8.5470e-02      1.363    1479.33     48.173     4.6391 109.398538    6.74578     42.613     1.2568  33.814437  0.000e+00
     42.196     7.7612    32.6406    25.4555 9.7680e-02      1.392    1479.34     48.171     4.6388 109.398538    6.74558     42.602     1.2568  33.817111  0.000e+00
     42.196     7.7648    32.6421    25.4562 9.7680e-02      1.414    1479.36     48.160     4.6373 109.398539    6.74497     42.602     1.2263  33.821608  0.000e+00
     42.208     7.7677    32.6419    25.4556 9.7680e-02      1.429    1479.37     48.162     4.6372 109.398539    6.74453     42.613     1.2263  33.823977  0.000e+00
     42.208     7.7688    32.6408    25.4546 8.5470e-02      1.436    1479.37     48.166     4.6375 109.398540    6.74441     42.613     1.2263  33.823917  0.000e+00
     42.208     7.7683    32.6393    25.4535 8.5470e-02      1.436    1479.37     48.173     4.6383 109.398540    6.74454     42.613     1.2263  33.822093  0.000e+00
     42.208     7.7656    32.6359    25.4512 9.7680e-02      1.421    1479.35     48.171     4.6385 109.398541    6.74512     42.613     1.2568  33.816503  0.000e+00
     42.221     7.7624    32.6344    25.4505 9.7680e-02      1.414    1479.34     48.171     4.6388 109.398541    6.74568     42.626     1.2568  33.812310  0.000e+00
     42.221     7.7612    32.6338    25.4502 9.7680e-02      1.399    1479.33     48.172     4.6391 109.398542    6.74588     42.626     1.2568  33.810791  0.000e+00
     42.221     7.7612    32.6336    25.4500 9.7680e-02      1.385    1479.33     48.175     4.6394 109.398542    6.74589     42.626     1.2568  33.810548  0.000e+00
     42.208     7.7600    32.6335    25.4501 9.7680e-02      1.399    1479.33     48.180     4.6400 109.398543    6.74609     42.613     1.2568  33.809394  0.000e+00
     42.221     7.7570    32.6314    25.4489 9.7680e-02      1.407    1479.31     48.187     4.6411 109.398543    6.74664     42.626     1.2568  33.804837  0.000e+00
     42.232     7.7491    32.6356    25.4533 9.7680e-02      1.414    1479.29     48.197     4.6427 109.398544    6.74769     42.638     1.2568  33.801861  0.000e+00
     42.221     7.7461    32.6368    25.4547 1.0989e-01      1.414    1479.28     48.131     4.6366 109.398544    6.74810     42.626     1.2263  33.800342  0.000e+00
     42.232     7.7448    32.6345    25.4530 1.2210e-01      1.421    1479.27     48.133     4.6370 109.398545    6.74840     42.638     1.2263  33.797062  0.000e+00
     42.208     7.7438    32.6305    25.4500 1.2210e-01      1.421    1479.26     48.137     4.6376 109.398545    6.74873     42.613     1.2568  33.792444  0.000e+00
     42.221     7.7424    32.6262    25.4469 1.0989e-01      1.407    1479.25     48.132     4.6374 109.398546    6.74913     42.626     1.2568  33.787281  0.000e+00
     42.232     7.7408    32.6231    25.4447 9.7680e-02      1.385    1479.24     48.129     4.6374 109.398546    6.74952     42.638     1.2263  33.782968  0.000e+00
     42.214     7.7384    32.6228    25.4448 9.7680e-02      1.363    1479.23     48.128     4.6376 109.398546    6.74990     42.620     1.2263  33.780599  0.000e+00
     42.232     7.7368    32.6239    25.4459 9.7680e-02      1.341    1479.23     48.129     4.6378 109.398547    6.75011     42.638     1.2263  33.780174  0.000e+00
     42.208     7.7381    32.6217    25.4440 1.4652e-01      1.341    1479.23     48.130     4.6379 109.398547    6.75001     42.613     1.2263  33.779263  0.000e+00
     42.221     7.7394    32.6194    25.4420 1.5873e-01      1.355    1479.23     48.134     4.6382 109.398548    6.74990     42.626     1.2568  33.778230  0.000e+00
     42.221     7.7373    32.6193    25.4422 1.4652e-01      1.355    1479.22     48.140     4.6390 109.398548    6.75023     42.626     1.2568  33.776347  0.000e+00
     42.221     7.7338    32.6206    25.4437 1.2210e-01      1.363    1479.21     48.148     4.6401 109.398549    6.75072     42.626     1.2568  33.774465  0.000e+00
     42.221     7.7307    32.6195    25.4433 1.0989e-01      1.363    1479.20     48.158     4.6414 109.398549    6.75125     42.626     1.2568  33.770760  0.000e+00
     42.221     7.7279    32.6181    25.4426 9.7680e-02      1.355    1479.18     48.169     4.6428 109.398550    6.75175     42.626     1.2568  33.766934  0.000e+00
     42.232     7.7262    32.6169    25.4419 9.7680e-02      1.355    1479.18     48.183     4.6443 109.398550    6.75206     42.638     1.2568  33.764384  0.000e+00
     42.208     7.7260    32.6162    25.4413 9.7680e-02      1.355    1479.17     48.121     4.6384 109.398551    6.75213     42.613     1.2873  33.763473  0.000e+00
     42.232     7.7255    32.6164    25.4416 9.7680e-02      1.355    1479.17     48.192     4.6454 109.398551    6.75219     42.638     1.2873  33.763291  0.000e+00
     42.221     7.7248    32.6172    25.4423 8.5470e-02      1.355    1479.17     48.200     4.6461 109.398552    6.75226     42.626     1.2568  33.763473  0.000e+00
     42.232     7.7244    32.6168    25.4421 8.5470e-02      1.370    1479.17     48.208     4.6470 109.398552    6.75235     42.638     1.2568  33.762683  0.000e+00
     42.221     7.7228    32.6167    25.4422 8.5470e-02      1.392    1479.16     48.218     4.6481 109.398553    6.75260     42.626     1.2263  33.761226  0.000e+00
     42.221     7.7208    32.6179    25.4434 8.5470e-02      1.407    1479.16     48.153     4.6420 109.398553    6.75285     42.626     1.2263  33.760619  0.000e+00
     42.221     7.7212    32.6185    25.4438 8.5470e-02      1.407    1479.16     48.155     4.6422 109.398554    6.75277     42.626     1.2568  33.761469  0.000e+00
     42.232     7.7234    32.6181    25.4433 8.5470e-02      1.407    1479.17     48.236     4.6497 109.398554    6.75244     42.638     1.2263  33.763109  0.000e+00
     42.232     7.7275    32.6158    25.4409 9.7680e-02      1.436    1479.18     48.175     4.6435 109.398555    6.75191     42.638     1.2263  33.764505  0.000e+00
     42.232     7.7298    32.6130    25.4383 9.7680e-02      1.458    1479.19     48.182     4.6440 109.398555    6.75167     42.638     1.2263  33.763897  0.000e+00
     42.232     7.7288    32.6121    25.4377 9.7680e-02      1.451    1479.18     48.180     4.6439 109.398556    6.75186     42.638     1.2568  33.762197  0.000e+00
     42.245     7.7279    32.6115    25.4374 9.7680e-02      1.443    1479.18     48.179     4.6440 109.398556    6.75203     42.651     1.2568  33.760861  0.000e+00
     42.245     7.7275    32.6108    25.4369 9.7680e-02      1.443    1479.17     48.180     4.6441 109.398557    6.75212     42.651     1.2263  33.759829  0.000e+00
     42.245     7.7265    32.6120    25.4380 9.7680e-02      1.443    1479.17     48.181     4.6443 109.398557    6.75223     42.651     1.2568  33.760072  0.000e+00
     42.245     7.7258    32.6136    25.4393 9.7680e-02      1.436    1479.17     48.185     4.6447 109.398558    6.75227     42.651     1.2568  33.760922  0.000e+00
     42.256     7.7262    32.6129    25.4388 9.7680e-02      1.429    1479.17     48.189     4.6451 109.398558    6.75224     42.662     1.2263  33.760679  0.000e+00
     42.256     7.7244    32.6125    25.4387 9.7680e-02      1.436    1479.17     48.195     4.6458 109.398559    6.75254     42.662     1.2568  33.758675  0.000e+00
     42.268     7.7235    32.6152    25.4409 9.7680e-02      1.429    1479.17     48.202     4.6466 109.398559    6.75256     42.674     1.2263  33.760437  0.000e+00
     42.256     7.7245    32.6202    25.4447 1.0989e-01      1.429    1479.18     48.211     4.6471 109.398560    6.75218     42.662     1.2568  33.766024  0.000e+00
     42.268     7.7261    32.6243    25.4477 1.0989e-01      1.421    1479.19     48.220     4.6478 109.398560    6.75175     42.674     1.2568  33.771247  0.000e+00
     42.281     7.7303    32.6212    25.4447 1.0989e-01      1.399    1479.20     48.231     4.6484 109.398560    6.75123     42.687     1.2568  33.772036  0.000e+00
     42.268     7.7301    32.6183    25.4424 1.0989e-01      1.377    1479.19     48.233     4.6487 109.398561    6.75140     42.674     1.2568  33.769121  0.000e+00
     42.281     7.7270    32.6182    25.4428 9.7680e-02      1.377    1479.18     48.235     4.6493 109.398561    6.75188     42.687     1.2568  33.766327  0.000e+00
     42.268     7.7242    32.6189    25.4438 9.7680e-02      1.407    1479.17     48.239     4.6499 109.398562    6.75228     42.674     1.2263  33.764566  0.000e+00
     42.268     7.7202    32.6215    25.4463 9.7680e-02      1.436    1479.16     48.243     4.6506 109.398562    6.75279     42.674     1.2263  33.763473  0.000e+00
     42.268     7.7176    32.6262    25.4504 9.7680e-02      1.407    1479.16     48.248     4.6513 109.398563    6.75299     42.674     1.2263  33.765599  0.000e+00
     42.292     7.7227    32.6359    25.4573 9.7680e-02      1.363    1479.19     48.254     4.6510 109.398563    6.75178     42.699     1.2263  33.779083  0.000e+00
     42.316     7.7352    32.6440    25.4619 8.5470e-02      1.363    1479.25     48.259     4.6499 109.398564    6.74948     42.723     1.2263  33.797549  0.000e+00
     42.365     7.7469    32.6452    25.4612 8.5470e-02      1.385    1479.29     48.190     4.6420 109.398564    6.74761     42.772     1.2263  33.808970  0.000e+00
     42.388     7.7535    32.6431    25.4586 8.5470e-02      1.451    1479.32     48.187     4.6411 109.398565    6.74667     42.795     1.2568  33.812798  0.000e+00
     42.376     7.7557    32.6421    25.4575 8.5470e-02      1.465    1479.32     48.187     4.6408 109.398565    6.74638     42.784     1.2568  33.813770  0.000e+00
     42.401     7.7577    32.6424    25.4574 8.5470e-02      1.436    1479.33     48.188     4.6407 109.398566    6.74605     42.808     1.2263  33.815775  0.000e+00
     42.472     7.7614    32.6423    25.4568 8.5470e-02      1.480    1479.35     48.190     4.6405 109.398566    6.74549     42.881     1.2568  33.818935  0.000e+00
     42.448     7.7637    32.6425    25.4567 8.5470e-02      1.524    1479.36     48.193     4.6406 109.398567    6.74513     42.856     1.2568  33.821122  0.000e+00
     42.448     7.7646    32.6414    25.4556 8.5470e-02      1.473    1479.36     48.274     4.6483 109.398567    6.74503     42.856     1.2568  33.820879  0.000e+00
     42.485     7.7653    32.6378    25.4528 8.5470e-02      1.414    1479.36     48.203     4.6416 109.398568    6.74508     42.894     1.2568  33.818145  0.000e+00
     42.497     7.7635    32.6363    25.4518 8.5470e-02      1.377    1479.35     48.199     4.6414 109.398568    6.74542     42.905     1.2568  33.815228  0.000e+00
     42.545     7.7622    32.6375    25.4530 8.5470e-02      1.355    1479.35     48.196     4.6412 109.398569    6.74557     42.954     1.2568  33.815228  0.000e+00
     42.581     7.7632    32.6398    25.4546 9.7680e-02      1.348    1479.35     48.194     4.6408 109.398569    6.74532     42.990     1.2568  33.818206  0.000e+00
     42.592     7.7648    32.6408    25.4551 9.7680e-02      1.355    1479.36     48.192     4.6404 109.398570    6.74503     43.002     1.2568  33.820515  0.000e+00
     42.617     7.7659    32.6399    25.4543 8.5470e-02      1.348    1479.36     48.191     4.6402 109.398570    6.74489     43.027     1.2263  33.820758  0.000e+00
     42.653     7.7657    32.6385    25.4533 8.5470e-02      1.341    1479.36     48.191     4.6403 109.398571    6.74498     43.063     1.2263  33.819300  0.000e+00
     42.688     7.7643    32.6374    25.4525 9.7680e-02      1.333    1479.36     48.192     4.6406 109.398571    6.74525     43.099     1.2263  33.816991  0.000e+00
     42.701     7.7634    32.6368    25.4523 9.7680e-02      1.333    1479.35     48.194     4.6409 109.398572    6.74542     43.112     1.2263  33.815654  0.000e+00
     42.701     7.7629    32.6373    25.4527 1.0989e-01      1.333    1479.35     48.197     4.6412 109.398572    6.74548     43.112     1.2263  33.815654  0.000e+00
     42.713     7.7625    32.6379    25.4533 1.0989e-01      1.333    1479.35     48.201     4.6416 109.398573    6.74550     43.123     1.2263  33.815958  0.000e+00
     42.737     7.7627    32.6384    25.4536 9.7680e-02      1.326    1479.35     48.205     4.6420 109.398573    6.74545     43.148     1.2263  33.816566  0.000e+00
     42.748     7.7635    32.6388    25.4538 9.7680e-02      1.319    1479.36     48.211     4.6424 109.398573    6.74531     43.159     1.2263  33.817659  0.000e+00
     42.786     7.7645    32.6372    25.4524 9.7680e-02      1.319    1479.36     48.217     4.6430 109.398574    6.74523     43.197     1.2568  33.817052  0.000e+00
     42.797     7.7632    32.6366    25.4521 9.7680e-02      1.326    1479.35     48.213     4.6428 109.398574    6.74546     43.209     1.2568  33.815290  0.000e+00
     42.821     7.7626    32.6369    25.4524 9.7680e-02      1.363    1479.35     48.221     4.6436 109.398575    6.74554     43.233     1.2568  33.815047  0.000e+00
     42.846     7.7624    32.6374    25.4528 1.0989e-01      1.399    1479.35     48.230     4.6444 109.398575    6.74555     43.258     1.2568  33.815351  0.000e+00
     42.869     7.7624    32.6379    25.4532 1.3431e-01      1.399    1479.35     48.239     4.6453 109.398576    6.74552     43.281     1.2568  33.815898  0.000e+00
     42.869     7.7624    32.6383    25.4535 1.3431e-01      1.370    1479.35     48.249     4.6463 109.398576    6.74551     43.281     1.2568  33.816262  0.000e+00
     42.893     7.7625    32.6391    25.4542 1.2210e-01      1.355    1479.35     48.249     4.6463 109.398577    6.74545     43.305     1.2568  33.817113  0.000e+00
     42.893     7.7630    32.6393    25.4543 1.2210e-01      1.348    1479.36     48.174     4.6389 109.398577    6.74537     43.305     1.2568  33.817782  0.000e+00
     42.906     7.7637    32.6396    25.4544 1.3431e-01      1.355    1479.36     48.175     4.6390 109.398578    6.74525     43.318     1.2263  33.818632  0.000e+00
     42.929     7.7643    32.6400    25.4546 1.4652e-01      1.355    1479.36     48.244     4.6455 109.398578    6.74514     43.341     1.2263  33.819544  0.000e+00
     42.929     7.7650    32.6398    25.4544 1.3431e-01      1.348    1479.37     48.247     4.6457 109.398579    6.74504     43.341     1.2263  33.819969  0.000e+00
     42.966     7.7651    32.6388    25.4536 1.2210e-01      1.363    1479.37     48.251     4.6461 109.398579    6.74506     43.379     1.2568  33.819179  0.000e+00
     42.977     7.7650    32.6377    25.4527 1.2210e-01      1.363    1479.36     48.255     4.6465 109.398580    6.74514     43.391     1.2568  33.817964  0.000e+00
     43.002     7.7643    32.6366    25.4520 1.2210e-01      1.348    1479.36     48.183     4.6397 109.398580    6.74528     43.415     1.2568  33.816445  0.000e+00
