ctd/data/2024/seabird/GF7.cnv
* Sea-Bird SBE 9 Data File:
* FileName = C:\CTD Brukere\UiO Kurs\Geo kurs 2024\GF7.hex
* Software Version Seasave V 7.26.7.121
* Temperature SN = 5352
* Conductivity SN = 3840
* Number of Bytes Per Scan = 38
* Number of Voltage Words = 5
* Number of Scans Averaged by the Deck Unit = 1
* NMEA Latitude = 59 53.34 N
* NMEA Longitude = 010 39.96 E
* NMEA UTC (Time) = Apr 18 2024 09:35:56
* NMEA baud rate = 4800
** Ship: R/V Trygve Braarud
** Cruise:
** Station:
** Operator:
# nquan = 15
# nvalues = 2071                                  
# units = specified
# name 0 = depSM: Depth [salt water, m]
# name 1 = t090C: Temperature [ITS-90, deg C]
# name 2 = sal00: Salinity, Practical [PSU]
# name 3 = sigma-t00: Density [sigma-t, kg/m^3 ]
# name 4 = flSP: Fluorescence, Seapoint
# name 5 = seaTurbMtr: Turbidity, Seapoint [FTU]
# name 6 = svCM: Sound Velocity [Chen-Millero, m/s]
# name 7 = sbeox0PS: Oxygen, SBE 43 [% saturation]
# name 8 = sbeox0Mg/L: Oxygen, SBE 43 [mg/l]
# name 9 = timeJ: Julian Days
# name 10 = oxsatML/L: Oxygen Saturation, Weiss [ml/l]
# name 11 = prDM: Pressure, Digiquartz [db]
# name 12 = wetStar: Fluorescence, WET Labs WETstar [mg/m^3]
# name 13 = c0mS/cm: Conductivity [mS/cm]
# name 14 = flag:  0.000e+00
# span 0 =      0.228,     32.559                 
# span 1 =     4.2889,     7.3654                 
# span 2 =    20.3230,    32.3109                 
# span 3 =    15.9490,    25.2523                 
# span 4 = 8.5470e-02, 1.7338e+00                 
# span 5 =      0.879,      6.352                 
# span 6 =    1455.63,    1477.25                 
# span 7 =     39.002,     87.373                 
# span 8 =     4.1934,     9.3846                 
# span 9 = 109.402188, 109.403186                 
# span 10 =    6.82208,    7.68535                
# span 11 =      0.230,     32.871                
# span 12 =    -0.3000,     3.7598                
# span 13 =  21.154316,  33.162490                
# span 14 = 0.0000e+00, 0.0000e+00                
# interval = seconds: 0.0416667
# start_time = Apr 18 2024 09:39:09 [System UTC, first data scan.]
# bad_flag = -9.990e-29
*END*
[from data line 1832]
     31.528     7.2947    32.2043    25.1775 9.7680e-02      1.773    1476.83     48.979     4.7807 109.403071    6.83801     31.831     1.4094  33.002388  0.000e+00
     31.528     7.2948    32.2048    25.1779 9.7680e-02      1.722    1476.83     48.974     4.7802 109.403071    6.83797     31.831     1.4094  33.002930  0.000e+00
     31.528     7.2948    32.2046    25.1778 9.7680e-02      1.692    1476.83     48.969     4.7797 109.403072    6.83797     31.831     1.4094  33.002870  0.000e+00
     31.528     7.2948    32.2050    25.1781 9.7680e-02      1.700    1476.83     49.040     4.7866 109.403072    6.83795     31.831     1.4094  33.003231  0.000e+00
     31.528     7.2950    32.2052    25.1782 9.7680e-02      1.729    1476.83     48.968     4.7796 109.403073    6.83792     31.831     1.4094  33.003532  0.000e+00
     31.512     7.2950    32.2051    25.1781 9.7680e-02      1.758    1476.83     49.038     4.7864 109.403073    6.83792     31.814     1.4094  33.003411  0.000e+00
     31.540     7.2952    32.2053    25.1783 9.7680e-02      1.824    1476.83     48.965     4.7792 109.403074    6.83788     31.842     1.3789  33.003833  0.000e+00
     31.540     7.2952    32.2058    25.1786 9.7680e-02      1.875    1476.83     49.033     4.7858 109.403074    6.83787     31.842     1.3789  33.004194  0.000e+00
     31.515     7.2952    32.2054    25.1783 9.7680e-02      1.868    1476.83     48.958     4.7786 109.403075    6.83788     31.818     1.3789  33.003833  0.000e+00
     31.540     7.2957    32.2052    25.1781 9.7680e-02      1.824    1476.83     49.025     4.7850 109.403075    6.83781     31.842     1.4094  33.004134  0.000e+00
     31.528     7.2954    32.2057    25.1786 9.7680e-02      1.773    1476.83     49.025     4.7851 109.403076    6.83784     31.831     1.4094  33.004314  0.000e+00
     31.528     7.2955    32.2060    25.1787 9.7680e-02      1.729    1476.83     48.949     4.7776 109.403076    6.83780     31.831     1.4094  33.004676  0.000e+00
     31.528     7.2954    32.2068    25.1794 9.7680e-02      1.714    1476.83     48.937     4.7764 109.403077    6.83779     31.831     1.4094  33.005338  0.000e+00
     31.528     7.2955    32.2071    25.1796 1.3431e-01      1.722    1476.83     49.001     4.7827 109.403077    6.83776     31.831     1.4094  33.005699  0.000e+00
     31.528     7.2957    32.2073    25.1797 1.5873e-01      1.714    1476.83     48.999     4.7824 109.403078    6.83772     31.831     1.4094  33.006000  0.000e+00
     31.501     7.2960    32.2073    25.1797 1.7094e-01      1.700    1476.83     48.995     4.7820 109.403078    6.83767     31.803     1.4094  33.006301  0.000e+00
     31.564     7.2960    32.2074    25.1798 1.7094e-01      1.685    1476.84     48.915     4.7742 109.403079    6.83767     31.867     1.4094  33.006422  0.000e+00
     31.528     7.2962    32.2074    25.1797 1.5873e-01      1.656    1476.84     48.911     4.7738 109.403079    6.83764     31.831     1.4094  33.006542  0.000e+00
     31.528     7.2961    32.2073    25.1797 1.3431e-01      1.626    1476.84     48.983     4.7808 109.403080    6.83765     31.831     1.4094  33.006421  0.000e+00
     31.540     7.2962    32.2074    25.1798 1.2210e-01      1.612    1476.84     48.978     4.7803 109.403080    6.83763     31.842     1.3789  33.006602  0.000e+00
     31.528     7.2963    32.2076    25.1799 1.2210e-01      1.619    1476.84     48.896     4.7723 109.403081    6.83760     31.831     1.4094  33.006903  0.000e+00
     31.528     7.2963    32.2075    25.1798 1.4652e-01      1.656    1476.84     48.966     4.7792 109.403081    6.83761     31.831     1.3789  33.006783  0.000e+00
     31.540     7.2962    32.2080    25.1803 1.4652e-01      1.700    1476.84     48.894     4.7722 109.403082    6.83761     31.842     1.4094  33.007144  0.000e+00
     31.528     7.2962    32.2080    25.1802 1.3431e-01      1.714    1476.84     48.964     4.7790 109.403082    6.83761     31.831     1.4094  33.007084  0.000e+00
     31.528     7.2961    32.2081    25.1803 1.2210e-01      1.714    1476.84     48.969     4.7794 109.403083    6.83761     31.831     1.4094  33.007144  0.000e+00
     31.528     7.2963    32.2083    25.1804 1.0989e-01      1.729    1476.84     48.972     4.7797 109.403083    6.83757     31.831     1.4094  33.007505  0.000e+00
     31.537     7.2962    32.2080    25.1803 1.0989e-01      1.744    1476.84     48.975     4.7801 109.403084    6.83761     31.839     1.4094  33.007144  0.000e+00
     31.528     7.2963    32.2080    25.1802 9.7680e-02      1.751    1476.84     48.978     4.7803 109.403084    6.83759     31.831     1.4094  33.007204  0.000e+00
     31.528     7.2963    32.2078    25.1801 9.7680e-02      1.758    1476.84     48.980     4.7805 109.403084    6.83759     31.831     1.4094  33.007084  0.000e+00
     31.540     7.2962    32.2079    25.1801 9.7680e-02      1.758    1476.84     48.982     4.7807 109.403085    6.83761     31.842     1.4094  33.007024  0.000e+00
     31.528     7.2963    32.2083    25.1804 9.7680e-02      1.736    1476.84     48.984     4.7808 109.403085    6.83758     31.831     1.4094  33.007445  0.000e+00
     31.528     7.2962    32.2082    25.1804 9.7680e-02      1.700    1476.84     48.984     4.7809 109.403086    6.83760     31.831     1.3789  33.007264  0.000e+00
     31.528     7.2962    32.2084    25.1806 1.0989e-01      1.656    1476.84     48.985     4.7810 109.403086    6.83759     31.831     1.3789  33.007505  0.000e+00
     31.528     7.2962    32.2083    25.1805 1.0989e-01      1.641    1476.84     48.985     4.7810 109.403087    6.83760     31.831     1.4094  33.007385  0.000e+00
     31.528     7.2962    32.2082    25.1804 1.0989e-01      1.663    1476.84     48.984     4.7809 109.403087    6.83760     31.831     1.4094  33.007325  0.000e+00
     31.540     7.2960    32.2084    25.1806 1.0989e-01      1.905    1476.84     48.984     4.7809 109.403088    6.83762     31.842     1.4094  33.007325  0.000e+00
     31.525     7.2964    32.2082    25.1803 1.0989e-01      3.604    1476.84     48.982     4.7807 109.403088    6.83756     31.827     1.4094  33.007505  0.000e+00
     31.528     7.2962    32.2082    25.1804 9.7680e-02      6.022    1476.84     48.992     4.7816 109.403089    6.83760     31.831     1.4094  33.007264  0.000e+00
     31.528     7.2963    32.2083    25.1804 1.0989e-01      6.352    1476.84     48.990     4.7814 109.403089    6.83757     31.831     1.4094  33.007505  0.000e+00
     31.528     7.2962    32.2086    25.1807 9.7680e-02      5.070    1476.84     48.988     4.7812 109.403090    6.83759     31.831     1.4094  33.007626  0.000e+00
     31.540     7.2965    32.2080    25.1802 1.0989e-01      3.824    1476.84     48.985     4.7810 109.403090    6.83756     31.842     1.4094  33.007385  0.000e+00
     31.515     7.2962    32.2084    25.1806 1.0989e-01      3.099    1476.84     48.982     4.7807 109.403091    6.83759     31.818     1.4094  33.007505  0.000e+00
     31.540     7.2964    32.2081    25.1802 1.0989e-01      2.703    1476.84     48.902     4.7728 109.403091    6.83757     31.842     1.4094  33.007385  0.000e+00
     31.528     7.2962    32.2084    25.1806 1.0989e-01      2.440    1476.84     48.964     4.7789 109.403092    6.83759     31.831     1.4094  33.007505  0.000e+00
     31.528     7.2963    32.2083    25.1804 1.0989e-01      2.190    1476.84     48.959     4.7785 109.403092    6.83757     31.831     1.4094  33.007505  0.000e+00
     31.528     7.2963    32.2084    25.1805 9.7680e-02      1.971    1476.84     48.955     4.7780 109.403093    6.83757     31.831     1.4094  33.007565  0.000e+00
     31.537     7.2962    32.2086    25.1807 9.7680e-02      1.832    1476.84     48.961     4.7787 109.403093    6.83759     31.839     1.4094  33.007626  0.000e+00
     31.528     7.2961    32.2086    25.1807 9.7680e-02      1.751    1476.84     48.968     4.7793 109.403094    6.83759     31.831     1.3789  33.007626  0.000e+00
     31.528     7.2963    32.2084    25.1805 9.7680e-02      1.714    1476.84     48.963     4.7788 109.403094    6.83757     31.831     1.3789  33.007626  0.000e+00
     31.528     7.2962    32.2088    25.1808 9.7680e-02      1.692    1476.84     48.881     4.7708 109.403095    6.83758     31.831     1.3789  33.007806  0.000e+00
     31.540     7.2965    32.2081    25.1802 9.7680e-02      1.670    1476.84     48.941     4.7767 109.403095    6.83756     31.842     1.4094  33.007445  0.000e+00
     31.528     7.2963    32.2087    25.1807 9.7680e-02      1.656    1476.84     48.935     4.7761 109.403096    6.83756     31.831     1.4094  33.007866  0.000e+00
     31.528     7.2963    32.2085    25.1806 9.7680e-02      1.656    1476.84     48.940     4.7766 109.403096    6.83756     31.831     1.4094  33.007746  0.000e+00
     31.528     7.2963    32.2085    25.1806 9.7680e-02      1.656    1476.84     48.857     4.7685 109.403097    6.83757     31.831     1.4094  33.007626  0.000e+00
     31.540     7.2962    32.2086    25.1807 9.7680e-02      1.663    1476.84     48.928     4.7754 109.403097    6.83759     31.842     1.4094  33.007626  0.000e+00
     31.528     7.2963    32.2082    25.1803 9.7680e-02      1.685    1476.84     48.921     4.7748 109.403098    6.83758     31.831     1.4094  33.007385  0.000e+00
     31.537     7.2963    32.2083    25.1804 9.7680e-02      1.758    1476.84     48.926     4.7752 109.403098    6.83757     31.839     1.4094  33.007505  0.000e+00
     31.528     7.2965    32.2083    25.1804 9.7680e-02      1.919    1476.84     48.919     4.7745 109.403098    6.83755     31.831     1.4094  33.007626  0.000e+00
     31.528     7.2965    32.2084    25.1805 9.7680e-02      2.051    1476.84     48.923     4.7749 109.403099    6.83754     31.831     1.4094  33.007746  0.000e+00
     31.540     7.2961    32.2089    25.1809 9.7680e-02      2.029    1476.84     48.927     4.7753 109.403099    6.83758     31.842     1.4094  33.007866  0.000e+00
     31.540     7.2962    32.2089    25.1809 9.7680e-02      1.897    1476.84     48.920     4.7746 109.403100    6.83757     31.842     1.4094  33.007927  0.000e+00
     31.528     7.2966    32.2085    25.1805 1.0989e-01      1.788    1476.84     48.912     4.7738 109.403100    6.83752     31.831     1.4094  33.007927  0.000e+00
     31.540     7.2963    32.2087    25.1808 1.0989e-01      1.722    1476.84     48.915     4.7742 109.403101    6.83755     31.842     1.4094  33.007927  0.000e+00
     31.528     7.2960    32.2088    25.1809 1.2210e-01      1.678    1476.84     48.995     4.7820 109.403101    6.83761     31.831     1.4094  33.007686  0.000e+00
     31.540     7.2965    32.2087    25.1807 1.2210e-01      1.648    1476.84     48.856     4.7683 109.403102    6.83753     31.842     1.4094  33.007987  0.000e+00
     31.528     7.2964    32.2087    25.1807 1.2210e-01      1.641    1476.84     48.913     4.7739 109.403102    6.83754     31.831     1.4094  33.007927  0.000e+00
     31.537     7.2965    32.2088    25.1808 1.0989e-01      1.692    1476.84     48.904     4.7731 109.403103    6.83753     31.839     1.4094  33.008107  0.000e+00
     31.540     7.2963    32.2088    25.1808 1.0989e-01      1.839    1476.84     48.907     4.7733 109.403103    6.83755     31.842     1.4094  33.007987  0.000e+00
     31.540     7.2962    32.2089    25.1809 9.7680e-02      2.073    1476.84     48.909     4.7736 109.403104    6.83757     31.842     1.4094  33.007927  0.000e+00
     31.528     7.2963    32.2089    25.1809 9.7680e-02      2.271    1476.84     48.976     4.7801 109.403104    6.83754     31.831     1.4094  33.008107  0.000e+00
     31.540     7.2964    32.2087    25.1807 9.7680e-02      2.315    1476.84     48.912     4.7738 109.403105    6.83754     31.842     1.4094  33.007987  0.000e+00
     31.528     7.2966    32.2086    25.1806 9.7680e-02      2.176    1476.84     48.902     4.7728 109.403105    6.83751     31.831     1.4094  33.008047  0.000e+00
     31.540     7.2965    32.2089    25.1809 9.7680e-02      2.000    1476.84     48.903     4.7729 109.403106    6.83752     31.842     1.4094  33.008167  0.000e+00
     31.540     7.2966    32.2088    25.1808 9.7680e-02      1.883    1476.84     48.904     4.7730 109.403106    6.83750     31.842     1.3789  33.008228  0.000e+00
     31.528     7.2965    32.2089    25.1809 1.0989e-01      1.824    1476.84     48.981     4.7806 109.403107    6.83752     31.831     1.4094  33.008228  0.000e+00
     31.540     7.2966    32.2088    25.1808 1.0989e-01      1.795    1476.84     48.993     4.7817 109.403107    6.83750     31.842     1.4094  33.008228  0.000e+00
     31.537     7.2967    32.2087    25.1807 1.0989e-01      1.780    1476.84     48.927     4.7753 109.403108    6.83749     31.839     1.4094  33.008228  0.000e+00
     31.540     7.2966    32.2088    25.1808 1.0989e-01      1.736    1476.84     48.927     4.7753 109.403108    6.83750     31.842     1.3789  33.008228  0.000e+00
     31.528     7.2966    32.2089    25.1809 9.7680e-02      1.678    1476.84     48.927     4.7753 109.403109    6.83750     31.831     1.3789  33.008348  0.000e+00
     31.540     7.2966    32.2086    25.1806 9.7680e-02      1.626    1476.84     48.927     4.7753 109.403109    6.83751     31.842     1.4094  33.008047  0.000e+00
     31.540     7.2966    32.2087    25.1807 9.7680e-02      1.604    1476.84     48.927     4.7753 109.403110    6.83751     31.842     1.4094  33.008107  0.000e+00
     31.540     7.2965    32.2089    25.1809 9.7680e-02      1.597    1476.84     49.004     4.7828 109.403110    6.83752     31.842     1.4094  33.008228  0.000e+00
     31.540     7.2966    32.2090    25.1810 1.0989e-01      1.604    1476.84     48.861     4.7688 109.403111    6.83750     31.842     1.4094  33.008408  0.000e+00
     31.528     7.2965    32.2090    25.1810 1.2210e-01      1.626    1476.84     48.927     4.7752 109.403111    6.83752     31.831     1.3789  33.008288  0.000e+00
     31.540     7.2965    32.2089    25.1809 1.2210e-01      1.656    1476.84     48.927     4.7753 109.403111    6.83752     31.842     1.4094  33.008228  0.000e+00
     31.540     7.2963    32.2092    25.1811 1.2210e-01      1.670    1476.84     49.003     4.7827 109.403112    6.83753     31.842     1.4094  33.008348  0.000e+00
     31.537     7.2963    32.2091    25.1810 1.0989e-01      1.692    1476.84     49.014     4.7837 109.403112    6.83754     31.839     1.4094  33.008228  0.000e+00
     31.528     7.2965    32.2089    25.1809 1.0989e-01      1.714    1476.84     49.024     4.7847 109.403113    6.83752     31.831     1.4094  33.008228  0.000e+00
     31.540     7.2966    32.2088    25.1808 9.7680e-02      1.773    1476.84     49.033     4.7856 109.403113    6.83751     31.842     1.4094  33.008228  0.000e+00
     31.540     7.2963    32.2091    25.1810 9.7680e-02      1.824    1476.84     48.966     4.7791 109.403114    6.83754     31.842     1.4094  33.008228  0.000e+00
     31.528     7.2968    32.2088    25.1808 9.7680e-02      1.846    1476.84     48.888     4.7714 109.403114    6.83748     31.831     1.4094  33.008408  0.000e+00
     31.540     7.2963    32.2091    25.1811 9.7680e-02      1.839    1476.84     48.940     4.7766 109.403115    6.83754     31.842     1.4094  33.008288  0.000e+00
     31.540     7.2968    32.2088    25.1807 9.7680e-02      1.824    1476.84     49.015     4.7838 109.403115    6.83748     31.842     1.4094  33.008348  0.000e+00
     31.528     7.2966    32.2086    25.1807 1.0989e-01      1.780    1476.84     49.024     4.7847 109.403116    6.83752     31.831     1.3789  33.008047  0.000e+00
     31.540     7.2965    32.2088    25.1808 1.0989e-01      1.722    1476.84     49.032     4.7855 109.403116    6.83753     31.842     1.3789  33.008107  0.000e+00
