ctd/data/2024/seabird/GF7.cnv
* Sea-Bird SBE 9 Data File:
* FileName = C:\CTD Brukere\UiO Kurs\Geo kurs 2024\GF7.hex
* Software Version Seasave V 7.26.7.121
* Temperature SN = 5352
* Conductivity SN = 3840
* Number of Bytes Per Scan = 38
* Number of Voltage Words = 5
* Number of Scans Averaged by the Deck Unit = 1
* NMEA Latitude = 59 53.34 N
* NMEA Longitude = 010 39.96 E
* NMEA UTC (Time) = Apr 18 2024 09:35:56
* NMEA baud rate = 4800
** Ship: R/V Trygve Braarud
** Cruise:
** Station:
** Operator:
# nquan = 15
# nvalues = 2071                                  
# units = specified
# name 0 = depSM: Depth [salt water, m]
# name 1 = t090C: Temperature [ITS-90, deg C]
# name 2 = sal00: Salinity, Practical [PSU]
# name 3 = sigma-t00: Density [sigma-t, kg/m^3 ]
# name 4 = flSP: Fluorescence, Seapoint
# name 5 = seaTurbMtr: Turbidity, Seapoint [FTU]
# name 6 = svCM: Sound Velocity [Chen-Millero, m/s]
# name 7 = sbeox0PS: Oxygen, SBE 43 [% saturation]
# name 8 = sbeox0Mg/L: Oxygen, SBE 43 [mg/l]
# name 9 = timeJ: Julian Days
# name 10 = oxsatML/L: Oxygen Saturation, Weiss [ml/l]
# name 11 = prDM: Pressure, Digiquartz [db]
# name 12 = wetStar: Fluorescence, WET Labs WETstar [mg/m^3]
# name 13 = c0mS/cm: Conductivity [mS/cm]
# name 14 = flag:  0.000e+00
# span 0 =      0.228,     32.559                 
# span 1 =     4.2889,     7.3654                 
# span 2 =    20.3230,    32.3109                 
# span 3 =    15.9490,    25.2523                 
# span 4 = 8.5470e-02, 1.7338e+00                 
# span 5 =      0.879,      6.352                 
# span 6 =    1455.63,    1477.25                 
# span 7 =     39.002,     87.373                 
# span 8 =     4.1934,     9.3846                 
# span 9 = 109.402188, 109.403186                 
# span 10 =    6.82208,    7.68535                
# span 11 =      0.230,     32.871                
# span 12 =    -0.3000,     3.7598                
# span 13 =  21.154316,  33.162490                
# span 14 = 0.0000e+00, 0.0000e+00                
# interval = seconds: 0.0416667
# start_time = Apr 18 2024 09:39:09 [System UTC, first data scan.]
# bad_flag = -9.990e-29
*END*
[from data line 1639]
     30.240     7.2233    32.0951    25.1013 9.7680e-02      1.363    1476.39     48.483     4.7434 109.402978    6.85421     30.530     1.4399  32.839698  0.000e+00
     30.245     7.2229    32.0940    25.1005 9.7680e-02      1.355    1476.39     48.550     4.7500 109.402978    6.85432     30.535     1.4399  32.838316  0.000e+00
     30.256     7.2228    32.0937    25.1002 9.7680e-02      1.341    1476.39     48.550     4.7501 109.402979    6.85436     30.546     1.4399  32.837895  0.000e+00
     30.269     7.2226    32.0945    25.1009 1.0989e-01      1.333    1476.39     48.549     4.7499 109.402979    6.85435     30.559     1.4399  32.838556  0.000e+00
     30.281     7.2236    32.0974    25.1031 1.2210e-01      1.326    1476.40     48.546     4.7495 109.402980    6.85407     30.571     1.4094  32.842041  0.000e+00
     30.289     7.2249    32.1014    25.1061 1.2210e-01      1.311    1476.41     48.542     4.7488 109.402980    6.85368     30.579     1.4094  32.846849  0.000e+00
     30.305     7.2266    32.1042    25.1080 1.2210e-01      1.297    1476.42     48.536     4.7480 109.402981    6.85328     30.596     1.4094  32.850935  0.000e+00
     30.316     7.2287    32.1053    25.1086 1.0989e-01      1.297    1476.43     48.529     4.7470 109.402981    6.85290     30.607     1.4094  32.853759  0.000e+00
     30.328     7.2306    32.1070    25.1097 1.0989e-01      1.304    1476.44     48.521     4.7459 109.402982    6.85252     30.618     1.4094  32.857005  0.000e+00
     30.349     7.2319    32.1084    25.1106 1.0989e-01      1.297    1476.44     48.522     4.7459 109.402982    6.85225     30.640     1.4399  32.859349  0.000e+00
     30.352     7.2335    32.1092    25.1110 1.0989e-01      1.311    1476.45     48.588     4.7522 109.402983    6.85196     30.643     1.4399  32.861452  0.000e+00
     30.365     7.2351    32.1115    25.1126 1.0989e-01      1.319    1476.46     48.522     4.7454 109.402983    6.85161     30.656     1.4399  32.864938  0.000e+00
     30.365     7.2364    32.1135    25.1140 1.2210e-01      1.326    1476.47     48.596     4.7525 109.402984    6.85131     30.656     1.4399  32.867943  0.000e+00
     30.388     7.2375    32.1144    25.1146 1.4652e-01      1.355    1476.47     48.527     4.7456 109.402984    6.85109     30.679     1.4399  32.869746  0.000e+00
     30.398     7.2388    32.1149    25.1148 1.5873e-01      1.385    1476.48     48.600     4.7525 109.402985    6.85087     30.689     1.4399  32.871249  0.000e+00
     30.412     7.2396    32.1155    25.1151 1.7094e-01      1.363    1476.48     48.529     4.7455 109.402985    6.85071     30.704     1.4094  32.872511  0.000e+00
     30.412     7.2400    32.1161    25.1155 1.5873e-01      1.333    1476.49     48.522     4.7448 109.402986    6.85061     30.704     1.4399  32.873473  0.000e+00
     30.436     7.2407    32.1165    25.1158 1.5873e-01      1.319    1476.49     48.592     4.7515 109.402986    6.85049     30.728     1.4399  32.874435  0.000e+00
     30.448     7.2415    32.1172    25.1162 1.8315e-01      1.341    1476.49     48.594     4.7516 109.402987    6.85033     30.740     1.4399  32.875757  0.000e+00
     30.458     7.2421    32.1178    25.1166 1.9536e-01      1.355    1476.50     48.595     4.7516 109.402987    6.85021     30.750     1.4399  32.876839  0.000e+00
     30.461     7.2426    32.1185    25.1171 2.0757e-01      1.355    1476.50     48.594     4.7515 109.402988    6.85010     30.753     1.4399  32.877921  0.000e+00
     30.472     7.2434    32.1196    25.1179 1.7094e-01      1.341    1476.50     48.516     4.7437 109.402988    6.84993     30.764     1.4399  32.879605  0.000e+00
     30.497     7.2442    32.1207    25.1186 1.4652e-01      1.333    1476.51     48.579     4.7497 109.402989    6.84975     30.789     1.4399  32.881348  0.000e+00
     30.497     7.2453    32.1212    25.1188 1.3431e-01      1.333    1476.51     48.574     4.7492 109.402989    6.84955     30.789     1.4399  32.882731  0.000e+00
     30.518     7.2460    32.1209    25.1185 1.3431e-01      1.341    1476.52     48.580     4.7497 109.402989    6.84946     30.810     1.4399  32.883031  0.000e+00
     30.532     7.2460    32.1217    25.1191 1.3431e-01      1.348    1476.52     48.586     4.7502 109.402990    6.84942     30.825     1.4094  32.883753  0.000e+00
     30.532     7.2463    32.1221    25.1194 1.5873e-01      1.348    1476.52     48.590     4.7505 109.402990    6.84936     30.825     1.4399  32.884414  0.000e+00
     30.544     7.2463    32.1225    25.1197 1.7094e-01      1.355    1476.52     48.593     4.7508 109.402991    6.84934     30.836     1.4399  32.884775  0.000e+00
     30.557     7.2468    32.1229    25.1200 1.8315e-01      1.348    1476.52     48.595     4.7510 109.402991    6.84924     30.849     1.4399  32.885556  0.000e+00
     30.553     7.2469    32.1232    25.1202 1.8315e-01      1.355    1476.52     48.597     4.7511 109.402992    6.84920     30.846     1.4094  32.885977  0.000e+00
     30.604     7.2469    32.1243    25.1210 1.7094e-01      1.370    1476.53     48.674     4.7586 109.402992    6.84916     30.897     1.4399  32.886999  0.000e+00
     30.592     7.2474    32.1244    25.1211 1.4652e-01      1.377    1476.53     48.607     4.7520 109.402993    6.84908     30.885     1.4399  32.887480  0.000e+00
     30.604     7.2477    32.1253    25.1218 1.3431e-01      1.392    1476.53     48.605     4.7518 109.402993    6.84898     30.897     1.4399  32.888683  0.000e+00
     30.617     7.2483    32.1264    25.1225 1.2210e-01      1.385    1476.53     48.603     4.7514 109.402994    6.84884     30.910     1.4094  32.890186  0.000e+00
     30.625     7.2488    32.1278    25.1236 1.0989e-01      1.363    1476.54     48.675     4.7584 109.402994    6.84869     30.918     1.4094  32.891929  0.000e+00
     30.641     7.2498    32.1296    25.1248 1.0989e-01      1.363    1476.54     48.681     4.7589 109.402995    6.84846     30.935     1.4094  32.894394  0.000e+00
     30.641     7.2508    32.1311    25.1259 9.7680e-02      1.370    1476.55     48.609     4.7517 109.402995    6.84824     30.935     1.4094  32.896619  0.000e+00
     30.664     7.2516    32.1321    25.1266 1.0989e-01      1.392    1476.56     48.679     4.7583 109.402996    6.84806     30.958     1.4094  32.898303  0.000e+00
     30.664     7.2523    32.1328    25.1270 1.0989e-01      1.421    1476.56     48.681     4.7584 109.402996    6.84791     30.958     1.4094  32.899565  0.000e+00
     30.685     7.2528    32.1329    25.1270 1.0989e-01      1.436    1476.56     48.682     4.7585 109.402997    6.84783     30.979     1.4094  32.900106  0.000e+00
     30.688     7.2536    32.1339    25.1277 1.0989e-01      1.451    1476.57     48.681     4.7583 109.402997    6.84766     30.982     1.4094  32.901730  0.000e+00
     30.701     7.2538    32.1360    25.1294 9.7680e-02      1.487    1476.57     48.691     4.7591 109.402998    6.84754     30.995     1.4094  32.903835  0.000e+00
     30.712     7.2541    32.1386    25.1314 9.7680e-02      1.524    1476.57     48.688     4.7588 109.402998    6.84737     31.007     1.4094  32.906481  0.000e+00
     30.724     7.2543    32.1426    25.1345 9.7680e-02      1.546    1476.58     48.684     4.7582 109.402999    6.84717     31.018     1.4094  32.910269  0.000e+00
     30.737     7.2552    32.1458    25.1368 9.7680e-02      1.546    1476.59     48.755     4.7650 109.402999    6.84688     31.031     1.4094  32.914058  0.000e+00
     30.745     7.2570    32.1475    25.1380 9.7680e-02      1.531    1476.60     48.693     4.7587 109.403000    6.84652     31.039     1.4094  32.917185  0.000e+00
     30.761     7.2588    32.1474    25.1376 9.7680e-02      1.487    1476.60     48.696     4.7588 109.403000    6.84625     31.056     1.4094  32.918568  0.000e+00
     30.761     7.2599    32.1472    25.1373 9.7680e-02      1.436    1476.61     48.687     4.7578 109.403001    6.84608     31.056     1.4094  32.919350  0.000e+00
     30.784     7.2612    32.1457    25.1360 9.7680e-02      1.414    1476.61     48.753     4.7641 109.403001    6.84593     31.079     1.4094  32.919170  0.000e+00
     30.784     7.2610    32.1442    25.1349 9.7680e-02      1.414    1476.61     48.675     4.7566 109.403002    6.84603     31.079     1.4094  32.917606  0.000e+00
     30.805     7.2611    32.1454    25.1357 9.7680e-02      1.421    1476.61     48.750     4.7638 109.403002    6.84596     31.100     1.4094  32.918809  0.000e+00
     30.819     7.2614    32.1491    25.1386 9.7680e-02      1.436    1476.62     48.757     4.7644 109.403003    6.84574     31.115     1.4094  32.922538  0.000e+00
     30.808     7.2632    32.1522    25.1408 1.0989e-01      1.465    1476.63     48.763     4.7646 109.403003    6.84532     31.103     1.4094  32.926868  0.000e+00
     30.844     7.2640    32.1566    25.1442 9.7680e-02      1.465    1476.64     48.767     4.7649 109.403003    6.84500     31.139     1.4094  32.931680  0.000e+00
     30.844     7.2653    32.1624    25.1486 9.7680e-02      1.451    1476.65     48.770     4.7648 109.403004    6.84454     31.139     1.4094  32.938117  0.000e+00
     30.857     7.2669    32.1651    25.1505 9.7680e-02      1.480    1476.66     48.772     4.7647 109.403004    6.84416     31.152     1.4094  32.942027  0.000e+00
     30.865     7.2683    32.1674    25.1521 9.7680e-02      1.524    1476.67     48.772     4.7646 109.403005    6.84384     31.161     1.4094  32.945336  0.000e+00
     30.879     7.2699    32.1675    25.1519 9.7680e-02      1.524    1476.67     48.771     4.7643 109.403005    6.84357     31.175     1.4094  32.946840  0.000e+00
     30.892     7.2704    32.1658    25.1505 9.7680e-02      1.502    1476.67     48.769     4.7641 109.403006    6.84358     31.189     1.4094  32.945636  0.000e+00
     30.904     7.2709    32.1641    25.1492 9.7680e-02      1.473    1476.67     48.777     4.7648 109.403006    6.84357     31.200     1.4094  32.944553  0.000e+00
     30.917     7.2709    32.1659    25.1505 9.7680e-02      1.473    1476.68     48.772     4.7643 109.403007    6.84349     31.213     1.4094  32.946178  0.000e+00
     30.928     7.2716    32.1714    25.1548 1.0989e-01      1.487    1476.69     48.778     4.7646 109.403007    6.84313     31.225     1.4094  32.951954  0.000e+00
     30.936     7.2728    32.1763    25.1585 1.0989e-01      1.509    1476.70     48.771     4.7636 109.403008    6.84273     31.233     1.4094  32.957489  0.000e+00
     30.952     7.2742    32.1779    25.1595 9.7680e-02      1.502    1476.70     48.774     4.7637 109.403008    6.84243     31.249     1.4094  32.960137  0.000e+00
     30.952     7.2746    32.1781    25.1596 9.7680e-02      1.473    1476.71     48.765     4.7628 109.403009    6.84237     31.249     1.4094  32.960618  0.000e+00
     30.977     7.2742    32.1756    25.1578 1.2210e-01      1.451    1476.70     48.755     4.7619 109.403009    6.84253     31.274     1.4094  32.958091  0.000e+00
     30.988     7.2739    32.1736    25.1562 1.5873e-01      1.436    1476.70     48.754     4.7620 109.403010    6.84267     31.285     1.4094  32.955925  0.000e+00
     30.988     7.2734    32.1731    25.1558 1.5873e-01      1.421    1476.70     48.829     4.7694 109.403010    6.84277     31.285     1.4094  32.955022  0.000e+00
     31.012     7.2733    32.1745    25.1570 1.4652e-01      1.436    1476.70     48.761     4.7627 109.403011    6.84273     31.310     1.4094  32.956226  0.000e+00
     31.021     7.2744    32.1776    25.1593 1.3431e-01      1.495    1476.71     48.834     4.7696 109.403011    6.84242     31.318     1.4094  32.960077  0.000e+00
     31.035     7.2753    32.1806    25.1615 1.3431e-01      1.531    1476.71     48.752     4.7614 109.403012    6.84213     31.333     1.4094  32.963687  0.000e+00
     31.035     7.2771    32.1824    25.1627 1.3431e-01      1.538    1476.72     48.822     4.7680 109.403012    6.84178     31.333     1.4094  32.966756  0.000e+00
     31.059     7.2781    32.1821    25.1623 1.5873e-01      1.524    1476.73     48.825     4.7682 109.403013    6.84164     31.357     1.4094  32.967358  0.000e+00
     31.059     7.2787    32.1806    25.1610 1.9536e-01      1.516    1476.73     48.827     4.7683 109.403013    6.84160     31.357     1.4094  32.966575  0.000e+00
     31.072     7.2781    32.1797    25.1604 1.9536e-01      1.509    1476.72     48.828     4.7685 109.403014    6.84174     31.370     1.4399  32.965191  0.000e+00
     31.095     7.2781    32.1775    25.1587 1.5873e-01      1.502    1476.72     48.827     4.7685 109.403014    6.84183     31.393     1.4094  32.963206  0.000e+00
     31.094     7.2776    32.1765    25.1580 1.3431e-01      1.487    1476.72     48.825     4.7683 109.403015    6.84195     31.392     1.4094  32.961822  0.000e+00
     31.108     7.2770    32.1760    25.1576 1.2210e-01      1.473    1476.72     48.821     4.7681 109.403015    6.84208     31.406     1.4094  32.960799  0.000e+00
     31.133     7.2765    32.1762    25.1579 1.0989e-01      1.473    1476.71     48.816     4.7677 109.403016    6.84214     31.431     1.4094  32.960618  0.000e+00
     31.133     7.2770    32.1769    25.1584 9.7680e-02      1.473    1476.72     48.821     4.7681 109.403016    6.84204     31.431     1.4094  32.961701  0.000e+00
     31.155     7.2774    32.1804    25.1611 9.7680e-02      1.487    1476.72     48.814     4.7672 109.403016    6.84182     31.454     1.4094  32.965252  0.000e+00
     31.155     7.2784    32.1843    25.1640 9.7680e-02      1.495    1476.73     48.805     4.7661 109.403017    6.84149     31.454     1.4094  32.969705  0.000e+00
     31.168     7.2803    32.1851    25.1644 1.0989e-01      1.495    1476.74     48.795     4.7649 109.403017    6.84114     31.467     1.4094  32.972172  0.000e+00
     31.176     7.2813    32.1850    25.1642 1.2210e-01      1.495    1476.74     48.795     4.7648 109.403018    6.84100     31.475     1.4094  32.972894  0.000e+00
     31.204     7.2818    32.1831    25.1626 1.2210e-01      1.502    1476.74     48.794     4.7647 109.403018    6.84100     31.503     1.4094  32.971570  0.000e+00
     31.204     7.2819    32.1837    25.1630 1.2210e-01      1.553    1476.75     48.781     4.7634 109.403019    6.84095     31.503     1.4094  32.972232  0.000e+00
     31.228     7.2822    32.1855    25.1645 1.2210e-01      1.575    1476.75     48.778     4.7630 109.403019    6.84082     31.528     1.4094  32.974218  0.000e+00
     31.228     7.2832    32.1860    25.1647 1.0989e-01      1.560    1476.75     48.774     4.7625 109.403020    6.84065     31.528     1.4094  32.975482  0.000e+00
     31.253     7.2839    32.1863    25.1648 1.0989e-01      1.524    1476.76     48.769     4.7619 109.403020    6.84052     31.552     1.4094  32.976325  0.000e+00
     31.253     7.2846    32.1858    25.1643 1.0989e-01      1.502    1476.76     48.839     4.7687 109.403021    6.84042     31.552     1.4094  32.976565  0.000e+00
     31.261     7.2841    32.1855    25.1642 9.7680e-02      1.502    1476.76     48.767     4.7617 109.403021    6.84052     31.560     1.4094  32.975843  0.000e+00
     31.288     7.2838    32.1851    25.1639 1.0989e-01      1.502    1476.76     48.835     4.7684 109.403022    6.84059     31.588     1.4094  32.975181  0.000e+00
     31.300     7.2835    32.1845    25.1634 1.0989e-01      1.487    1476.75     48.837     4.7686 109.403022    6.84066     31.600     1.4094  32.974399  0.000e+00
     31.311     7.2838    32.1849    25.1637 1.0989e-01      1.473    1476.76     48.848     4.7697 109.403023    6.84059     31.611     1.3789  32.975061  0.000e+00
     31.311     7.2841    32.1847    25.1635 9.7680e-02      1.458    1476.76     48.847     4.7696 109.403023    6.84055     31.611     1.4094  32.975121  0.000e+00
