ctd/data/2024/seabird/GF7.cnv
* Sea-Bird SBE 9 Data File:
* FileName = C:\CTD Brukere\UiO Kurs\Geo kurs 2024\GF7.hex
* Software Version Seasave V 7.26.7.121
* Temperature SN = 5352
* Conductivity SN = 3840
* Number of Bytes Per Scan = 38
* Number of Voltage Words = 5
* Number of Scans Averaged by the Deck Unit = 1
* NMEA Latitude = 59 53.34 N
* NMEA Longitude = 010 39.96 E
* NMEA UTC (Time) = Apr 18 2024 09:35:56
* NMEA baud rate = 4800
** Ship: R/V Trygve Braarud
** Cruise:
** Station:
** Operator:
# nquan = 15
# nvalues = 2071                                  
# units = specified
# name 0 = depSM: Depth [salt water, m]
# name 1 = t090C: Temperature [ITS-90, deg C]
# name 2 = sal00: Salinity, Practical [PSU]
# name 3 = sigma-t00: Density [sigma-t, kg/m^3 ]
# name 4 = flSP: Fluorescence, Seapoint
# name 5 = seaTurbMtr: Turbidity, Seapoint [FTU]
# name 6 = svCM: Sound Velocity [Chen-Millero, m/s]
# name 7 = sbeox0PS: Oxygen, SBE 43 [% saturation]
# name 8 = sbeox0Mg/L: Oxygen, SBE 43 [mg/l]
# name 9 = timeJ: Julian Days
# name 10 = oxsatML/L: Oxygen Saturation, Weiss [ml/l]
# name 11 = prDM: Pressure, Digiquartz [db]
# name 12 = wetStar: Fluorescence, WET Labs WETstar [mg/m^3]
# name 13 = c0mS/cm: Conductivity [mS/cm]
# name 14 = flag:  0.000e+00
# span 0 =      0.228,     32.559                 
# span 1 =     4.2889,     7.3654                 
# span 2 =    20.3230,    32.3109                 
# span 3 =    15.9490,    25.2523                 
# span 4 = 8.5470e-02, 1.7338e+00                 
# span 5 =      0.879,      6.352                 
# span 6 =    1455.63,    1477.25                 
# span 7 =     39.002,     87.373                 
# span 8 =     4.1934,     9.3846                 
# span 9 = 109.402188, 109.403186                 
# span 10 =    6.82208,    7.68535                
# span 11 =      0.230,     32.871                
# span 12 =    -0.3000,     3.7598                
# span 13 =  21.154316,  33.162490                
# span 14 = 0.0000e+00, 0.0000e+00                
# interval = seconds: 0.0416667
# start_time = Apr 18 2024 09:39:09 [System UTC, first data scan.]
# bad_flag = -9.990e-29
*END*
[from data line 1157]
     20.739     6.7214    31.5283    24.7211 1.5873e-01      1.311    1473.57     54.384     5.4028 109.402745    6.96071     20.937     1.5926  31.888969  0.000e+00
     20.761     6.7262    31.5323    24.7237 1.4652e-01      1.326    1473.59     54.261     5.3899 109.402746    6.95975     20.960     1.5926  31.896693  0.000e+00
     20.761     6.7305    31.5354    24.7255 1.4652e-01      1.377    1473.61     54.130     5.3762 109.402746    6.95891     20.960     1.5926  31.903111  0.000e+00
     20.797     6.7344    31.5377    24.7268 1.3431e-01      1.414    1473.63     54.079     5.3706 109.402747    6.95816     20.996     1.5926  31.908519  0.000e+00
     20.821     6.7382    31.5396    24.7279 1.3431e-01      1.414    1473.65     54.031     5.3653 109.402747    6.95747     21.021     1.6231  31.913393  0.000e+00
     20.846     6.7422    31.5420    24.7292 1.3431e-01      1.399    1473.67     53.920     5.3537 109.402748    6.95670     21.045     1.5926  31.918980  0.000e+00
     20.859     6.7452    31.5449    24.7312 1.3431e-01      1.392    1473.68     53.877     5.3489 109.402748    6.95607     21.058     1.5926  31.924210  0.000e+00
     20.893     6.7494    31.5467    24.7321 1.2210e-01      1.407    1473.70     53.837     5.3444 109.402749    6.95531     21.093     1.5926  31.929382  0.000e+00
     20.906     6.7527    31.5490    24.7334 1.2210e-01      1.429    1473.72     53.721     5.3324 109.402749    6.95466     21.106     1.5926  31.934256  0.000e+00
     20.941     6.7562    31.5514    24.7348 1.0989e-01      1.443    1473.74     53.608     5.3207 109.402750    6.95398     21.142     1.5926  31.939369  0.000e+00
     20.941     6.7604    31.5528    24.7354 1.0989e-01      1.465    1473.75     53.563     5.3157 109.402750    6.95323     21.142     1.5926  31.944244  0.000e+00
     20.988     6.7634    31.5537    24.7357 1.2210e-01      1.480    1473.77     53.443     5.3034 109.402751    6.95270     21.189     1.5926  31.947574  0.000e+00
     20.990     6.7655    31.5550    24.7365 1.2210e-01      1.487    1473.78     53.402     5.2990 109.402751    6.95230     21.191     1.5926  31.950547  0.000e+00
     21.026     6.7677    31.5571    24.7379 1.2210e-01      1.531    1473.79     53.363     5.2947 109.402752    6.95184     21.227     1.6231  31.954353  0.000e+00
     21.048     6.7703    31.5595    24.7394 1.4652e-01      1.568    1473.80     53.248     5.2829 109.402752    6.95132     21.250     1.5926  31.958693  0.000e+00
     21.061     6.7733    31.5620    24.7410 1.7094e-01      1.582    1473.82     53.201     5.2778 109.402753    6.95071     21.263     1.5926  31.963570  0.000e+00
     21.097     6.7758    31.5654    24.7434 1.7094e-01      1.582    1473.83     53.166     5.2739 109.402753    6.95014     21.299     1.6231  31.968803  0.000e+00
     21.108     6.7797    31.5682    24.7450 1.5873e-01      1.560    1473.85     53.143     5.2711 109.402754    6.94939     21.310     1.5926  31.974573  0.000e+00
     21.144     6.7833    31.5715    24.7472 1.4652e-01      1.531    1473.87     53.045     5.2608 109.402754    6.94865     21.346     1.5926  31.980699  0.000e+00
     21.147     6.7872    31.5741    24.7488 1.4652e-01      1.531    1473.89     53.025     5.2582 109.402755    6.94789     21.349     1.5926  31.986409  0.000e+00
     21.181     6.7919    31.5767    24.7502 1.5873e-01      1.531    1473.91     53.006     5.2557 109.402755    6.94701     21.384     1.5926  31.992715  0.000e+00
     21.204     6.7958    31.5782    24.7508 1.5873e-01      1.509    1473.93     52.987     5.2533 109.402756    6.94630     21.407     1.6231  31.997355  0.000e+00
     21.228     6.7987    31.5784    24.7506 1.5873e-01      1.531    1473.94     52.969     5.2511 109.402756    6.94583     21.431     1.5926  31.999973  0.000e+00
     21.253     6.8009    31.5785    24.7504 1.7094e-01      1.568    1473.95     52.884     5.2424 109.402757    6.94546     21.456     1.5926  32.001996  0.000e+00
     21.264     6.8024    31.5788    24.7505 1.9536e-01      1.612    1473.96     52.865     5.2403 109.402757    6.94521     21.467     1.5926  32.003424  0.000e+00
     21.300     6.8036    31.5798    24.7511 1.7094e-01      1.634    1473.96     52.769     5.2306 109.402758    6.94496     21.503     1.5926  32.005506  0.000e+00
     21.326     6.8056    31.5805    24.7514 1.5873e-01      1.663    1473.97     52.749     5.2284 109.402758    6.94460     21.530     1.5926  32.007767  0.000e+00
     21.337     6.8068    31.5832    24.7534 1.4652e-01      1.648    1473.98     52.729     5.2262 109.402758    6.94429     21.541     1.5926  32.011278  0.000e+00
     21.360     6.8086    31.5865    24.7557 1.3431e-01      1.604    1473.99     52.720     5.2249 109.402759    6.94384     21.564     1.6231  32.015800  0.000e+00
     21.384     6.8106    31.5893    24.7577 1.3431e-01      1.582    1474.00     52.709     5.2236 109.402759    6.94339     21.588     1.6231  32.020085  0.000e+00
     21.408     6.8132    31.5907    24.7585 1.2210e-01      1.568    1474.02     52.698     5.2221 109.402760    6.94291     21.613     1.5926  32.023537  0.000e+00
     21.444     6.8145    31.5911    24.7586 1.2210e-01      1.553    1474.02     52.607     5.2129 109.402760    6.94267     21.649     1.6231  32.025025  0.000e+00
     21.455     6.8154    31.5913    24.7587 1.2210e-01      1.538    1474.03     52.592     5.2113 109.402761    6.94252     21.660     1.5926  32.025977  0.000e+00
     21.480     6.8159    31.5920    24.7592 1.2210e-01      1.524    1474.03     52.575     5.2095 109.402761    6.94241     21.685     1.5926  32.027048  0.000e+00
     21.493     6.8166    31.5926    24.7595 1.2210e-01      1.509    1474.03     52.567     5.2087 109.402762    6.94226     21.698     1.5926  32.028238  0.000e+00
     21.530     6.8177    31.5941    24.7605 1.2210e-01      1.487    1474.04     52.557     5.2075 109.402762    6.94202     21.736     1.5926  32.030500  0.000e+00
     21.540     6.8198    31.5962    24.7620 1.2210e-01      1.480    1474.05     52.545     5.2059 109.402763    6.94158     21.746     1.6231  32.034250  0.000e+00
     21.575     6.8230    31.5984    24.7632 1.2210e-01      1.524    1474.07     52.541     5.2051 109.402763    6.94097     21.782     1.5926  32.038893  0.000e+00
     21.588     6.8255    31.5999    24.7641 1.2210e-01      1.560    1474.08     52.457     5.1964 109.402764    6.94048     21.795     1.5926  32.042464  0.000e+00
     21.611     6.8283    31.6014    24.7649 1.2210e-01      1.560    1474.09     52.435     5.1938 109.402764    6.93996     21.818     1.5926  32.046155  0.000e+00
     21.648     6.8305    31.6026    24.7656 1.2210e-01      1.560    1474.10     52.421     5.1921 109.402765    6.93956     21.855     1.5926  32.049072  0.000e+00
     21.660     6.8320    31.6029    24.7656 1.2210e-01      1.575    1474.11     52.403     5.1901 109.402765    6.93929     21.867     1.5926  32.050679  0.000e+00
     21.671     6.8330    31.6037    24.7661 1.0989e-01      1.568    1474.11     52.392     5.1890 109.402766    6.93910     21.878     1.5926  32.052227  0.000e+00
     21.708     6.8343    31.6047    24.7667 1.0989e-01      1.531    1474.12     52.378     5.1873 109.402766    6.93884     21.916     1.5926  32.054251  0.000e+00
     21.720     6.8364    31.6065    24.7679 1.2210e-01      1.495    1474.13     52.358     5.1851 109.402767    6.93842     21.927     1.5926  32.057644  0.000e+00
     21.744     6.8384    31.6097    24.7702 1.0989e-01      1.465    1474.14     52.346     5.1835 109.402767    6.93794     21.952     1.5926  32.062348  0.000e+00
     21.770     6.8410    31.6116    24.7714 1.0989e-01      1.458    1474.16     52.251     5.1738 109.402768    6.93744     21.978     1.5926  32.066278  0.000e+00
     21.804     6.8430    31.6133    24.7724 1.0989e-01      1.516    1474.17     52.305     5.1788 109.402768    6.93703     22.012     1.5926  32.069612  0.000e+00
     21.815     6.8453    31.6155    24.7738 1.0989e-01      1.736    1474.18     52.289     5.1768 109.402769    6.93656     22.024     1.5926  32.073483  0.000e+00
     21.827     6.8482    31.6193    24.7765 1.0989e-01      1.773    1474.20     52.201     5.1676 109.402769    6.93592     22.035     1.5926  32.079438  0.000e+00
     21.864     6.8510    31.6219    24.7781 1.0989e-01      1.700    1474.21     52.173     5.1644 109.402770    6.93535     22.073     1.5926  32.084142  0.000e+00
     21.887     6.8534    31.6236    24.7791 1.2210e-01      1.678    1474.22     52.215     5.1683 109.402770    6.93489     22.096     1.5926  32.087716  0.000e+00
     21.899     6.8562    31.6254    24.7802 1.2210e-01      1.722    1474.24     52.197     5.1661 109.402771    6.93434     22.109     1.5926  32.091825  0.000e+00
     21.924     6.8595    31.6288    24.7825 1.2210e-01      1.729    1474.25     52.107     5.1567 109.402771    6.93365     22.133     1.5926  32.097782  0.000e+00
     21.947     6.8639    31.6330    24.7852 1.2210e-01      1.656    1474.28     52.076     5.1529 109.402772    6.93276     22.156     1.5620  32.105227  0.000e+00
     21.971     6.8691    31.6391    24.7894 1.0989e-01      1.568    1474.31     52.049     5.1495 109.402772    6.93163     22.181     1.5620  32.115295  0.000e+00
     21.982     6.8757    31.6441    24.7924 1.0989e-01      1.502    1474.34     52.028     5.1464 109.402772    6.93034     22.192     1.5926  32.125364  0.000e+00
     22.019     6.8814    31.6480    24.7947 1.0989e-01      1.531    1474.37     51.999     5.1428 109.402773    6.92924     22.230     1.5926  32.133766  0.000e+00
     22.031     6.8870    31.6505    24.7960 1.2210e-01      1.663    1474.39     51.963     5.1385 109.402773    6.92821     22.242     1.5926  32.140857  0.000e+00
     22.055     6.8916    31.6525    24.7970 1.0989e-01      1.670    1474.41     51.931     5.1346 109.402774    6.92737     22.266     1.5926  32.146579  0.000e+00
     22.079     6.8956    31.6555    24.7988 1.2210e-01      1.597    1474.43     51.890     5.1301 109.402774    6.92659     22.291     1.5926  32.152717  0.000e+00
     22.102     6.8991    31.6592    24.8013 1.2210e-01      1.516    1474.45     51.853     5.1258 109.402775    6.92586     22.314     1.5926  32.159095  0.000e+00
     22.117     6.9029    31.6631    24.8039 1.2210e-01      1.465    1474.47     51.819     5.1219 109.402775    6.92506     22.328     1.5926  32.165891  0.000e+00
     22.138     6.9096    31.6660    24.8053 1.0989e-01      1.443    1474.50     51.777     5.1168 109.402776    6.92384     22.350     1.5926  32.174237  0.000e+00
     22.151     6.9150    31.6705    24.8081 1.0989e-01      1.414    1474.53     51.738     5.1122 109.402776    6.92277     22.363     1.6231  32.182882  0.000e+00
     22.186     6.9215    31.6755    24.8112 1.0989e-01      1.399    1474.56     51.701     5.1076 109.402777    6.92148     22.399     1.5926  32.193019  0.000e+00
     22.198     6.9282    31.6800    24.8138 1.0989e-01      1.399    1474.59     51.667     5.1033 109.402777    6.92020     22.410     1.5926  32.202799  0.000e+00
     22.222     6.9347    31.6823    24.8148 1.0989e-01      1.399    1474.62     51.625     5.0983 109.402778    6.91904     22.435     1.5926  32.210432  0.000e+00
     22.246     6.9397    31.6826    24.8144 1.0989e-01      1.392    1474.64     51.584     5.0937 109.402778    6.91822     22.459     1.5620  32.214906  0.000e+00
     22.258     6.9430    31.6827    24.8140 1.2210e-01      1.392    1474.65     51.546     5.0895 109.402779    6.91768     22.471     1.5620  32.217828  0.000e+00
     22.282     6.9448    31.6849    24.8155 1.4652e-01      1.385    1474.66     51.510     5.0857 109.402779    6.91730     22.495     1.5620  32.221348  0.000e+00
     22.306     6.9472    31.6880    24.8176 1.5873e-01      1.370    1474.68     51.476     5.0820 109.402780    6.91676     22.520     1.5620  32.226239  0.000e+00
     22.331     6.9500    31.6919    24.8203 1.4652e-01      1.355    1474.69     51.433     5.0773 109.402780    6.91613     22.544     1.5620  32.232265  0.000e+00
     22.342     6.9527    31.6939    24.8216 1.4652e-01      1.355    1474.71     51.392     5.0728 109.402781    6.91560     22.556     1.5620  32.236381  0.000e+00
     22.378     6.9553    31.6940    24.8213 1.4652e-01      1.355    1474.72     51.341     5.0675 109.402781    6.91518     22.592     1.5620  32.238708  0.000e+00
     22.391     6.9577    31.6945    24.8214 1.3431e-01      1.363    1474.73     51.292     5.0623 109.402782    6.91477     22.605     1.5926  32.241154  0.000e+00
     22.413     6.9596    31.6949    24.8214 1.3431e-01      1.363    1474.74     51.244     5.0573 109.402782    6.91445     22.628     1.5926  32.243123  0.000e+00
     22.438     6.9612    31.6951    24.8214 1.3431e-01      1.377    1474.74     51.197     5.0525 109.402783    6.91418     22.652     1.5926  32.244675  0.000e+00
     22.462     6.9625    31.6955    24.8216 1.3431e-01      1.465    1474.75     51.152     5.0479 109.402783    6.91395     22.677     1.5926  32.246166  0.000e+00
     22.486     6.9633    31.6954    24.8214 1.2210e-01      1.546    1474.75     51.107     5.0434 109.402784    6.91382     22.701     1.5926  32.246763  0.000e+00
     22.509     6.9638    31.6951    24.8211 1.0989e-01      1.560    1474.75     51.053     5.0380 109.402784    6.91376     22.724     1.5926  32.246882  0.000e+00
     22.509     6.9638    31.6953    24.8212 1.0989e-01      1.560    1474.76     51.000     5.0328 109.402785    6.91376     22.724     1.5620  32.247061  0.000e+00
     22.569     6.9641    31.6960    24.8218 1.2210e-01      1.524    1474.76     50.871     5.0200 109.402785    6.91367     22.785     1.5620  32.248016  0.000e+00
     22.582     6.9647    31.6962    24.8218 1.2210e-01      1.495    1474.76     50.809     5.0138 109.402785    6.91356     22.798     1.5926  32.248732  0.000e+00
     22.593     6.9653    31.6960    24.8216 1.2210e-01      1.465    1474.76     50.825     5.0153 109.402786    6.91347     22.809     1.5926  32.249090  0.000e+00
     22.618     6.9653    31.6961    24.8217 1.0989e-01      1.436    1474.76     50.776     5.0105 109.402786    6.91346     22.834     1.5926  32.249210  0.000e+00
     22.642     6.9655    31.6964    24.8218 1.0989e-01      1.436    1474.77     50.728     5.0057 109.402787    6.91342     22.859     1.5620  32.249628  0.000e+00
     22.665     6.9660    31.6963    24.8218 1.0989e-01      1.436    1474.77     50.670     4.9999 109.402787    6.91335     22.882     1.5620  32.249986  0.000e+00
     22.689     6.9662    31.6961    24.8215 1.2210e-01      1.421    1474.77     50.612     4.9942 109.402788    6.91333     22.906     1.5620  32.249866  0.000e+00
     22.702     6.9660    31.6966    24.8219 1.0989e-01      1.399    1474.77     50.554     4.9885 109.402788    6.91334     22.919     1.5620  32.250225  0.000e+00
     22.738     6.9662    31.6964    24.8218 1.2210e-01      1.385    1474.77     50.497     4.9828 109.402789    6.91332     22.955     1.5620  32.250165  0.000e+00
     22.762     6.9655    31.6963    24.8218 1.2210e-01      1.377    1474.77     50.440     4.9773 109.402789    6.91342     22.980     1.5620  32.249628  0.000e+00
     22.773     6.9653    31.6956    24.8213 1.4652e-01      1.377    1474.77     50.384     4.9718 109.402790    6.91349     22.991     1.5926  32.248793  0.000e+00
     22.798     6.9650    31.6947    24.8206 2.5641e-01      1.377    1474.76     50.328     4.9664 109.402790    6.91358     23.016     1.5926  32.247719  0.000e+00
     22.822     6.9642    31.6939    24.8201 3.1746e-01      1.370    1474.76     50.273     4.9611 109.402791    6.91374     23.040     1.5926  32.246346  0.000e+00
     22.845     6.9636    31.6941    24.8203 2.8083e-01      1.399    1474.76     50.207     4.9546 109.402791    6.91383     23.063     1.5926  32.245988  0.000e+00
