ctd/data/2024/seabird/GF7.cnv
* Sea-Bird SBE 9 Data File:
* FileName = C:\CTD Brukere\UiO Kurs\Geo kurs 2024\GF7.hex
* Software Version Seasave V 7.26.7.121
* Temperature SN = 5352
* Conductivity SN = 3840
* Number of Bytes Per Scan = 38
* Number of Voltage Words = 5
* Number of Scans Averaged by the Deck Unit = 1
* NMEA Latitude = 59 53.34 N
* NMEA Longitude = 010 39.96 E
* NMEA UTC (Time) = Apr 18 2024 09:35:56
* NMEA baud rate = 4800
** Ship: R/V Trygve Braarud
** Cruise:
** Station:
** Operator:
# nquan = 15
# nvalues = 2071                                  
# units = specified
# name 0 = depSM: Depth [salt water, m]
# name 1 = t090C: Temperature [ITS-90, deg C]
# name 2 = sal00: Salinity, Practical [PSU]
# name 3 = sigma-t00: Density [sigma-t, kg/m^3 ]
# name 4 = flSP: Fluorescence, Seapoint
# name 5 = seaTurbMtr: Turbidity, Seapoint [FTU]
# name 6 = svCM: Sound Velocity [Chen-Millero, m/s]
# name 7 = sbeox0PS: Oxygen, SBE 43 [% saturation]
# name 8 = sbeox0Mg/L: Oxygen, SBE 43 [mg/l]
# name 9 = timeJ: Julian Days
# name 10 = oxsatML/L: Oxygen Saturation, Weiss [ml/l]
# name 11 = prDM: Pressure, Digiquartz [db]
# name 12 = wetStar: Fluorescence, WET Labs WETstar [mg/m^3]
# name 13 = c0mS/cm: Conductivity [mS/cm]
# name 14 = flag:  0.000e+00
# span 0 =      0.228,     32.559                 
# span 1 =     4.2889,     7.3654                 
# span 2 =    20.3230,    32.3109                 
# span 3 =    15.9490,    25.2523                 
# span 4 = 8.5470e-02, 1.7338e+00                 
# span 5 =      0.879,      6.352                 
# span 6 =    1455.63,    1477.25                 
# span 7 =     39.002,     87.373                 
# span 8 =     4.1934,     9.3846                 
# span 9 = 109.402188, 109.403186                 
# span 10 =    6.82208,    7.68535                
# span 11 =      0.230,     32.871                
# span 12 =    -0.3000,     3.7598                
# span 13 =  21.154316,  33.162490                
# span 14 = 0.0000e+00, 0.0000e+00                
# interval = seconds: 0.0416667
# start_time = Apr 18 2024 09:39:09 [System UTC, first data scan.]
# bad_flag = -9.990e-29
*END*
[from data line 97]
      0.276     6.3881    20.8712    16.3737 4.0293e-01      2.000    1458.56     85.238     9.1565 109.402234    7.52051      0.279     3.5462  21.713904  0.000e+00
      0.254     6.3895    20.8400    16.3491 4.0293e-01      2.037    1458.53     85.377     9.1730 109.402235    7.52179      0.256     3.5462  21.685039  0.000e+00
      0.276     6.3913    20.8083    16.3240 4.2735e-01      1.971    1458.50     85.513     9.1891 109.402235    7.52301      0.279     3.6072  21.655980  0.000e+00
      0.276     6.3931    20.7828    16.3037 4.5177e-01      1.861    1458.47     85.645     9.2045 109.402236    7.52395      0.279     3.6072  21.632670  0.000e+00
      0.276     6.3936    20.7619    16.2872 4.5177e-01      1.758    1458.45     85.777     9.2198 109.402236    7.52488      0.279     3.4851  21.613036  0.000e+00
      0.276     6.3937    20.7458    16.2746 4.3956e-01      1.685    1458.43     85.830     9.2265 109.402237    7.52565      0.279     3.4851  21.597850  0.000e+00
      0.252     6.3935    20.7388    16.2692 4.2735e-01      1.641    1458.42     85.960     9.2409 109.402237    7.52602      0.255     3.5156  21.591085  0.000e+00
      0.314     6.3927    20.7346    16.2659 4.1514e-01      1.619    1458.41     86.080     9.2542 109.402238    7.52637      0.317     3.5767  21.586592  0.000e+00
      0.289     6.3923    20.7227    16.2566 4.0293e-01      1.604    1458.39     86.210     9.2690 109.402238    7.52703      0.292     3.6377  21.575026  0.000e+00
      0.289     6.3916    20.7134    16.2493 3.5409e-01      1.634    1458.38     86.265     9.2757 109.402239    7.52761      0.292     3.6683  21.565734  0.000e+00
      0.301     6.3915    20.7035    16.2416 3.0525e-01      1.648    1458.37     86.387     9.2894 109.402239    7.52812      0.304     3.6072  21.556288  0.000e+00
      0.299     6.3915    20.7011    16.2397 3.0525e-01      1.656    1458.36     86.434     9.2946 109.402240    7.52823      0.302     3.6072  21.553965  0.000e+00
      0.289     6.3911    20.7080    16.2452 3.6630e-01      1.685    1458.37     86.550     9.3067 109.402240    7.52797      0.292     3.5767  21.560365  0.000e+00
      0.301     6.3910    20.7205    16.2550 4.1514e-01      1.707    1458.39     86.593     9.3106 109.402241    7.52738      0.304     3.5156  21.572187  0.000e+00
      0.301     6.3899    20.7409    16.2711 3.9072e-01      1.700    1458.41     86.707     9.3219 109.402241    7.52658      0.304     3.4851  21.590982  0.000e+00
      0.312     6.3893    20.7633    16.2888 3.4188e-01      1.685    1458.43     86.749     9.3252 109.402242    7.52558      0.315     3.4851  21.612003  0.000e+00
      0.301     6.3892    20.7817    16.3033 3.4188e-01      1.685    1458.45     86.785     9.3280 109.402242    7.52470      0.304     3.5156  21.629415  0.000e+00
      0.314     6.3892    20.7936    16.3126 4.1514e-01      1.670    1458.47     86.894     9.3389 109.402242    7.52411      0.317     3.4546  21.640784  0.000e+00
      0.301     6.3901    20.8011    16.3185 4.7619e-01      1.648    1458.48     86.933     9.3424 109.402243    7.52360      0.304     3.4546  21.648381  0.000e+00
      0.312     6.3901    20.8060    16.3223 4.6398e-01      1.597    1458.49     86.970     9.3461 109.402243    7.52335      0.315     3.4851  21.653085  0.000e+00
      0.314     6.3902    20.8093    16.3249 3.9072e-01      1.538    1458.49     86.993     9.3483 109.402244    7.52316      0.317     3.4851  21.656290  0.000e+00
      0.301     6.3901    20.8143    16.3288 3.9072e-01      1.509    1458.50     87.091     9.3586 109.402244    7.52295      0.304     3.4546  21.660891  0.000e+00
      0.314     6.3901    20.8236    16.3361 3.7851e-01      1.538    1458.51     87.123     9.3615 109.402245    7.52248      0.317     3.6072  21.669835  0.000e+00
      0.312     6.3901    20.8365    16.3462 3.4188e-01      1.590    1458.53     87.155     9.3641 109.402245    7.52186      0.315     3.6683  21.682039  0.000e+00
      0.314     6.3897    20.8438    16.3520 3.6630e-01      1.590    1458.53     87.100     9.3579 109.402246    7.52157      0.317     3.5767  21.688762  0.000e+00
      0.301     6.3897    20.8415    16.3502 4.5177e-01      1.560    1458.53     87.200     9.3687 109.402246    7.52168      0.304     3.5156  21.686590  0.000e+00
      0.314     6.3900    20.8366    16.3464 5.0061e-01      1.531    1458.53     87.226     9.3718 109.402247    7.52187      0.317     3.4546  21.682143  0.000e+00
      0.314     6.3904    20.8347    16.3448 5.1282e-01      1.516    1458.53     87.255     9.3749 109.402247    7.52189      0.317     3.4241  21.680539  0.000e+00
      0.299     6.3915    20.8342    16.3443 4.6398e-01      1.516    1458.53     87.287     9.3781 109.402248    7.52171      0.302     3.3935  21.680694  0.000e+00
      0.314     6.3926    20.8326    16.3429 4.2735e-01      1.546    1458.53     87.236     9.3725 109.402248    7.52159      0.317     3.4546  21.679815  0.000e+00
      0.314     6.3934    20.8337    16.3437 4.6398e-01      1.582    1458.54     87.334     9.3827 109.402249    7.52139      0.317     3.5767  21.681315  0.000e+00
      0.301     6.3937    20.8468    16.3540 5.1282e-01      1.597    1458.55     87.296     9.3778 109.402249    7.52069      0.304     3.6072  21.693986  0.000e+00
      0.312     6.3934    20.8643    16.3678 5.0061e-01      1.590    1458.58     87.321     9.3795 109.402250    7.51989      0.315     3.5767  21.710489  0.000e+00
      0.314     6.3925    20.8825    16.3822 4.8840e-01      1.582    1458.59     87.278     9.3740 109.402250    7.51917      0.317     3.6072  21.727202  0.000e+00
      0.314     6.3910    20.9017    16.3974 4.7619e-01      1.575    1458.61     87.300     9.3754 109.402251    7.51850      0.317     3.6988  21.744645  0.000e+00
      0.314     6.3901    20.9069    16.4016 4.2735e-01      1.575    1458.62     87.331     9.3786 109.402251    7.51841      0.317     3.6683  21.749046  0.000e+00
      0.312     6.3901    20.8931    16.3908 4.0293e-01      1.575    1458.60     87.360     9.3827 109.402252    7.51908      0.315     3.6072  21.735949  0.000e+00
      0.314     6.3913    20.8687    16.3715 3.7851e-01      1.575    1458.57     87.312     9.3787 109.402252    7.52005      0.317     3.5462  21.713490  0.000e+00
      0.325     6.3931    20.8570    16.3621 3.9072e-01      1.582    1458.57     87.342     9.3822 109.402253    7.52030      0.328     3.5156  21.703349  0.000e+00
      0.314     6.3948    20.8672    16.3699 3.6630e-01      1.568    1458.58     87.373     9.3846 109.402253    7.51949      0.317     3.4851  21.714059  0.000e+00
      0.323     6.3950    20.8827    16.3821 3.4188e-01      1.553    1458.61     87.332     9.3791 109.402254    7.51869      0.326     3.5156  21.728910  0.000e+00
      0.325     6.3958    20.8825    16.3819 3.9072e-01      1.553    1458.61     87.293     9.3749 109.402254    7.51857      0.328     3.5156  21.729169  0.000e+00
      0.325     6.3967    20.8696    16.3717 5.1282e-01      1.560    1458.60     87.325     9.3788 109.402255    7.51902      0.328     3.4851  21.717473  0.000e+00
      0.325     6.3994    20.8492    16.3553 5.7387e-01      1.560    1458.58     87.284     9.3750 109.402255    7.51953      0.328     3.4851  21.699572  0.000e+00
      0.336     6.4002    20.8314    16.3412 5.8608e-01      1.553    1458.56     87.316     9.3794 109.402255    7.52027      0.340     3.4851  21.683073  0.000e+00
      0.323     6.3999    20.8194    16.3319 4.8840e-01      1.538    1458.55     87.355     9.3844 109.402256    7.52091      0.326     3.5156  21.671541  0.000e+00
      0.325     6.3994    20.8118    16.3259 4.7619e-01      1.509    1458.53     87.325     9.3818 109.402256    7.52137      0.328     3.4851  21.663992  0.000e+00
      0.336     6.3982    20.8064    16.3219 4.7619e-01      1.487    1458.52     87.292     9.3789 109.402257    7.52186      0.340     3.4851  21.658151  0.000e+00
      0.325     6.3961    20.8018    16.3184 4.3956e-01      1.473    1458.51     87.258     9.3760 109.402257    7.52246      0.328     3.4851  21.652568  0.000e+00
      0.335     6.3951    20.7957    16.3137 4.2735e-01      1.480    1458.50     87.221     9.3726 109.402258    7.52294      0.338     3.5156  21.646210  0.000e+00
      0.336     6.3944    20.7839    16.3045 4.0293e-01      1.502    1458.48     87.261     9.3778 109.402258    7.52366      0.340     3.5156  21.634530  0.000e+00
      0.336     6.3931    20.7691    16.2930 4.0293e-01      1.553    1458.46     87.235     9.3762 109.402259    7.52461      0.340     3.4851  21.619701  0.000e+00
      0.336     6.3921    20.7577    16.2841 4.0293e-01      1.626    1458.44     87.210     9.3745 109.402259    7.52535      0.340     3.5156  21.608232  0.000e+00
      0.323     6.3916    20.7520    16.2796 3.6630e-01      1.700    1458.43     87.186     9.3724 109.402260    7.52572      0.326     3.5462  21.602499  0.000e+00
      0.336     6.3919    20.7516    16.2793 4.1514e-01      1.736    1458.43     87.154     9.3688 109.402260    7.52570      0.340     3.5156  21.602240  0.000e+00
      0.336     6.3918    20.7556    16.2825 4.8840e-01      1.707    1458.43     87.124     9.3654 109.402261    7.52551      0.340     3.4851  21.606063  0.000e+00
      0.336     6.3920    20.7606    16.2864 4.5177e-01      1.634    1458.44     87.175     9.3706 109.402261    7.52524      0.340     3.4546  21.610867  0.000e+00
      0.336     6.3928    20.7659    16.2905 4.3956e-01      1.648    1458.45     87.165     9.3690 109.402262    7.52483      0.340     3.4851  21.616446  0.000e+00
      0.335     6.3948    20.7678    16.2918 4.3956e-01      1.758    1458.46     87.148     9.3665 109.402262    7.52436      0.338     3.4546  21.619442  0.000e+00
      0.336     6.3961    20.7668    16.2909 4.0293e-01      1.949    1458.47     87.138     9.3652 109.402263    7.52418      0.340     3.5156  21.619235  0.000e+00
      0.336     6.3964    20.7681    16.2919 3.9072e-01      1.912    1458.47     87.123     9.3635 109.402263    7.52406      0.340     3.5767  21.620682  0.000e+00
      0.336     6.3964    20.7675    16.2915 4.0293e-01      1.802    1458.47     87.117     9.3629 109.402264    7.52409      0.340     3.5462  21.620114  0.000e+00
      0.335     6.3967    20.7587    16.2845 3.5409e-01      1.714    1458.46     87.107     9.3623 109.402264    7.52447      0.338     3.5156  21.611848  0.000e+00
      0.336     6.3990    20.7444    16.2730 2.6862e-01      1.626    1458.45     87.104     9.3624 109.402265    7.52476      0.340     3.5462  21.599554  0.000e+00
      0.325     6.4001    20.7263    16.2587 2.9304e-01      1.582    1458.43     87.101     9.3628 109.402265    7.52545      0.328     3.5767  21.582925  0.000e+00
      0.336     6.4007    20.7087    16.2448 3.7851e-01      1.575    1458.41     87.096     9.3633 109.402266    7.52619      0.340     3.5462  21.566559  0.000e+00
      0.335     6.4010    20.6995    16.2375 4.3956e-01      1.634    1458.40     87.102     9.3645 109.402266    7.52658      0.338     3.3630  21.557990  0.000e+00
      0.325     6.4010    20.6943    16.2334 4.3956e-01      1.692    1458.39     87.032     9.3573 109.402267    7.52684      0.328     2.8136  21.552984  0.000e+00
      0.336     6.4006    20.6842    16.2255 4.0293e-01      1.670    1458.38     87.029     9.3577 109.402267    7.52742      0.340     1.8978  21.543076  0.000e+00
      0.325     6.3999    20.6708    16.2151 3.9072e-01      1.619    1458.36     87.027     9.3584 109.402268    7.52820      0.328     1.8673  21.529970  0.000e+00
      0.323     6.3993    20.6616    16.2078 3.4188e-01      1.560    1458.35     87.039     9.3604 109.402268    7.52877      0.326     2.3862  21.520787  0.000e+00
      0.325     6.3985    20.6560    16.2035 3.5409e-01      1.531    1458.34     86.977     9.3543 109.402269    7.52919      0.328     2.7830  21.515010  0.000e+00
      0.325     6.3985    20.6486    16.1978 3.5409e-01      1.560    1458.33     86.984     9.3554 109.402269    7.52955      0.328     2.9357  21.507996  0.000e+00
      0.314     6.3982    20.6406    16.1915 3.2967e-01      1.560    1458.32     86.983     9.3559 109.402269    7.53000      0.317     3.1188  21.500157  0.000e+00
      0.325     6.3991    20.6364    16.1881 3.5409e-01      1.546    1458.31     86.998     9.3575 109.402270    7.53003      0.328     3.2104  21.496702  0.000e+00
      0.323     6.3997    20.6384    16.1896 3.4188e-01      1.582    1458.32     86.941     9.3512 109.402270    7.52982      0.326     3.2104  21.498971  0.000e+00
      0.314     6.4009    20.6458    16.1953 3.6630e-01      1.619    1458.33     86.955     9.3520 109.402271    7.52925      0.317     3.0272  21.506654  0.000e+00
      0.314     6.4025    20.6629    16.2086 4.3956e-01      1.648    1458.36     86.899     9.3445 109.402271    7.52812      0.317     0.6768  21.523882  0.000e+00
      0.325     6.4044    20.6841    16.2251 4.8840e-01      1.707    1458.40     86.904     9.3434 109.402272    7.52673      0.328     0.2189  21.545243  0.000e+00
      0.312     6.4060    20.6990    16.2367 4.6398e-01      1.766    1458.42     86.852     9.3364 109.402272    7.52571      0.315     1.1652  21.560364  0.000e+00
      0.314     6.4072    20.7155    16.2495 4.0293e-01      1.736    1458.45     86.862     9.3363 109.402273    7.52468      0.317     2.1115  21.576781  0.000e+00
      0.314     6.4085    20.7239    16.2560 4.0293e-01      1.670    1458.46     86.805     9.3293 109.402273    7.52403      0.317     2.6304  21.585558  0.000e+00
      0.314     6.4095    20.7138    16.2479 4.0293e-01      1.641    1458.45     86.812     9.3304 109.402274    7.52435      0.317     2.9357  21.576419  0.000e+00
      0.312     6.4097    20.6901    16.2293 4.1514e-01      1.612    1458.42     86.752     9.3254 109.402274    7.52546      0.315     3.1493  21.554067  0.000e+00
      0.314     6.4082    20.6731    16.2161 3.9072e-01      1.612    1458.40     86.770     9.3287 109.402275    7.52658      0.317     3.2104  21.536935  0.000e+00
      0.314     6.4061    20.6719    16.2153 3.9072e-01      1.597    1458.39     86.722     9.3242 109.402275    7.52702      0.317     3.3020  21.534561  0.000e+00
      0.301     6.4044    20.6656    16.2105 4.0293e-01      1.590    1458.37     86.740     9.3269 109.402276    7.52765      0.304     3.3630  21.527545  0.000e+00
      0.323     6.4026    20.6562    16.2033 4.1514e-01      1.582    1458.35     86.694     9.3229 109.402276    7.52842      0.326     3.2104  21.517589  0.000e+00
      0.301     6.4032    20.6567    16.2036 4.2735e-01      1.590    1458.36     86.725     9.3260 109.402277    7.52829      0.304     3.0578  21.518414  0.000e+00
      0.314     6.4041    20.6639    16.2092 4.6398e-01      1.597    1458.37     86.681     9.3206 109.402277    7.52779      0.317     2.9051  21.525739  0.000e+00
      0.314     6.4053    20.6746    16.2175 4.2735e-01      1.582    1458.39     86.704     9.3222 109.402278    7.52702      0.317     1.8978  21.536728  0.000e+00
      0.314     6.4063    20.6916    16.2308 4.3956e-01      1.553    1458.41     86.665     9.3167 109.402278    7.52602      0.317     0.6768  21.553448  0.000e+00
      0.312     6.4085    20.7043    16.2406 4.8840e-01      1.546    1458.44     86.617     9.3103 109.402279    7.52500      0.315    -0.3000  21.566817  0.000e+00
      0.314     6.4084    20.7066    16.2424 4.6398e-01      1.560    1458.44     86.575     9.3057 109.402279    7.52491      0.317    -0.3000  21.568933  0.000e+00
      0.314     6.4065    20.6999    16.2373 4.8840e-01      1.597    1458.42     86.616     9.3109 109.402280    7.52558      0.317    -0.1168  21.561448  0.000e+00
