ctd/data/2024/seabird/Lysakerfj_BN1.cnv
* Sea-Bird SBE 9 Data File:
* FileName = C:\CTD Brukere\UiO Kurs\Geo kurs 2024\Lysakerfj_BN1.hex
* Software Version Seasave V 7.26.7.121
* Temperature SN = 5352
* Conductivity SN = 3840
* Number of Bytes Per Scan = 38
* Number of Voltage Words = 5
* Number of Scans Averaged by the Deck Unit = 1
* NMEA Latitude = 59 52.83 N
* NMEA Longitude = 010 38.82 E
* NMEA UTC (Time) = Apr 18 2024 07:02:57
* NMEA baud rate = 4800
** Ship: R/V Trygve Braarud
** Cruise:
** Station:
** Operator:
# nquan = 15
# nvalues = 5260                                  
# units = specified
# name 0 = depSM: Depth [salt water, m]
# name 1 = t090C: Temperature [ITS-90, deg C]
# name 2 = sal00: Salinity, Practical [PSU]
# name 3 = sigma-t00: Density [sigma-t, kg/m^3 ]
# name 4 = flSP: Fluorescence, Seapoint
# name 5 = seaTurbMtr: Turbidity, Seapoint [FTU]
# name 6 = svCM: Sound Velocity [Chen-Millero, m/s]
# name 7 = sbeox0PS: Oxygen, SBE 43 [% saturation]
# name 8 = sbeox0Mg/L: Oxygen, SBE 43 [mg/l]
# name 9 = timeJ: Julian Days
# name 10 = oxsatML/L: Oxygen Saturation, Weiss [ml/l]
# name 11 = prDM: Pressure, Digiquartz [db]
# name 12 = wetStar: Fluorescence, WET Labs WETstar [mg/m^3]
# name 13 = c0mS/cm: Conductivity [mS/cm]
# name 14 = flag:  0.000e+00
# span 0 =      0.244,     76.039                 
# span 1 =     4.1228,     7.8379                 
# span 2 =    19.3256,    32.7315                 
# span 3 =    15.2611,    25.5275                 
# span 4 = 7.3260e-02, 2.0879e+00                 
# span 5 =      0.974,      5.495                 
# span 6 =    1451.55,    1480.00                 
# span 7 =     48.205,     86.993                 
# span 8 =     4.6343,     9.5097                 
# span 9 = 109.294329, 109.296865                 
# span 10 =    6.73163,    7.82677                
# span 11 =      0.246,     76.776                
# span 12 =     1.1652,     4.4619                
# span 13 =  19.580529,  33.930951                
# span 14 = 0.0000e+00, 0.0000e+00                
# interval = seconds: 0.0416667
# start_time = Apr 18 2024 07:03:50 [System UTC, first data scan.]
# bad_flag = -9.990e-29
*END*
[from data line 4627]
     66.486     7.7349    32.7130    25.5162 1.0989e-01      1.495    1479.73     51.502     4.9601 109.296560    6.74652     67.129     1.1652  33.872328  0.000e+00
     66.509     7.7354    32.7125    25.5157 9.7680e-02      1.502    1479.73     51.502     4.9601 109.296561    6.74647     67.152     1.1652  33.872267  0.000e+00
     66.511     7.7356    32.7125    25.5156 9.7680e-02      1.502    1479.73     51.502     4.9602 109.296561    6.74644     67.154     1.1652  33.872389  0.000e+00
     66.533     7.7360    32.7121    25.5153 9.7680e-02      1.487    1479.74     51.580     4.9676 109.296562    6.74639     67.177     1.1957  33.872449  0.000e+00
     66.548     7.7360    32.7122    25.5153 9.7680e-02      1.465    1479.74     51.591     4.9686 109.296562    6.74639     67.192     1.1957  33.872449  0.000e+00
     66.558     7.7360    32.7124    25.5155 9.7680e-02      1.458    1479.74     51.524     4.9622 109.296562    6.74638     67.202     1.1957  33.872693  0.000e+00
     66.569     7.7360    32.7119    25.5152 9.7680e-02      1.458    1479.74     51.524     4.9622 109.296563    6.74640     67.213     1.1957  33.872267  0.000e+00
     66.595     7.7359    32.7120    25.5152 8.5470e-02      1.509    1479.74     51.524     4.9622 109.296563    6.74642     67.239     1.1957  33.872206  0.000e+00
     66.607     7.7356    32.7122    25.5154 8.5470e-02      1.531    1479.73     51.523     4.9622 109.296564    6.74646     67.251     1.1957  33.872146  0.000e+00
     66.620     7.7352    32.7123    25.5155 8.5470e-02      1.538    1479.73     51.523     4.9622 109.296564    6.74651     67.264     1.1957  33.871903  0.000e+00
     66.642     7.7351    32.7120    25.5154 8.5470e-02      1.560    1479.73     51.523     4.9622 109.296565    6.74654     67.287     1.1957  33.871599  0.000e+00
     66.644     7.7349    32.7124    25.5156 8.5470e-02      1.575    1479.73     51.522     4.9622 109.296565    6.74656     67.289     1.1957  33.871720  0.000e+00
     66.667     7.7349    32.7122    25.5155 8.5470e-02      1.575    1479.73     51.599     4.9695 109.296566    6.74655     67.312     1.1957  33.871659  0.000e+00
     66.678     7.7352    32.7121    25.5154 8.5470e-02      1.582    1479.73     51.609     4.9704 109.296566    6.74651     67.323     1.1957  33.871781  0.000e+00
     66.691     7.7349    32.7122    25.5155 8.5470e-02      1.604    1479.73     51.618     4.9714 109.296567    6.74656     67.336     1.1957  33.871599  0.000e+00
     66.703     7.7352    32.7118    25.5151 8.5470e-02      1.648    1479.73     51.551     4.9649 109.296567    6.74653     67.348     1.1957  33.871538  0.000e+00
     66.729     7.7345    32.7124    25.5157 8.5470e-02      1.656    1479.73     51.626     4.9721 109.296568    6.74660     67.374     1.1957  33.871538  0.000e+00
     66.727     7.7345    32.7124    25.5157 8.5470e-02      1.634    1479.73     51.558     4.9656 109.296568    6.74660     67.373     1.1957  33.871538  0.000e+00
     66.740     7.7343    32.7124    25.5157 8.5470e-02      1.736    1479.73     51.555     4.9654 109.296569    6.74663     67.386     1.1957  33.871356  0.000e+00
     66.763     7.7344    32.7125    25.5158 8.5470e-02      1.788    1479.73     51.553     4.9652 109.296569    6.74662     67.409     1.1957  33.871477  0.000e+00
     66.774     7.7341    32.7128    25.5161 9.7680e-02      1.744    1479.73     51.628     4.9724 109.296570    6.74665     67.420     1.1957  33.871538  0.000e+00
     66.789     7.7343    32.7123    25.5157 9.7680e-02      1.685    1479.73     51.559     4.9658 109.296570    6.74664     67.435     1.1957  33.871295  0.000e+00
     66.799     7.7342    32.7123    25.5157 9.7680e-02      1.648    1479.73     51.557     4.9655 109.296571    6.74665     67.445     1.1957  33.871234  0.000e+00
     66.825     7.7342    32.7126    25.5159 8.5470e-02      1.612    1479.73     51.631     4.9727 109.296571    6.74665     67.471     1.1957  33.871417  0.000e+00
     66.823     7.7341    32.7126    25.5159 8.5470e-02      1.597    1479.73     51.627     4.9723 109.296572    6.74666     67.470     1.1957  33.871356  0.000e+00
     66.849     7.7344    32.7127    25.5160 8.5470e-02      1.575    1479.74     51.634     4.9730 109.296572    6.74661     67.496     1.1652  33.871721  0.000e+00
     66.847     7.7343    32.7129    25.5161 8.5470e-02      1.553    1479.74     51.640     4.9736 109.296573    6.74661     67.494     1.1652  33.871843  0.000e+00
     66.883     7.7342    32.7124    25.5158 8.5470e-02      1.553    1479.73     51.570     4.9668 109.296573    6.74665     67.530     1.1652  33.871356  0.000e+00
     66.885     7.7342    32.7128    25.5161 8.5470e-02      1.560    1479.74     51.642     4.9737 109.296574    6.74664     67.532     1.1652  33.871660  0.000e+00
     66.896     7.7341    32.7127    25.5160 8.5470e-02      1.524    1479.73     51.571     4.9669 109.296574    6.74666     67.543     1.1957  33.871478  0.000e+00
     66.909     7.7342    32.7123    25.5157 8.5470e-02      1.495    1479.74     51.565     4.9664 109.296575    6.74665     67.557     1.1957  33.871235  0.000e+00
     66.932     7.7342    32.7128    25.5161 8.5470e-02      1.487    1479.74     51.560     4.9658 109.296575    6.74664     67.580     1.1957  33.871660  0.000e+00
     66.934     7.7342    32.7127    25.5160 8.5470e-02      1.480    1479.74     51.555     4.9653 109.296576    6.74664     67.581     1.1957  33.871600  0.000e+00
     66.957     7.7340    32.7125    25.5159 8.5470e-02      1.502    1479.74     51.549     4.9648 109.296576    6.74667     67.604     1.1957  33.871296  0.000e+00
     66.981     7.7339    32.7125    25.5159 8.5470e-02      1.531    1479.74     51.544     4.9644 109.296576    6.74669     67.629     1.1957  33.871235  0.000e+00
     66.979     7.7343    32.7122    25.5156 8.5470e-02      1.546    1479.74     51.615     4.9712 109.296577    6.74664     67.627     1.1957  33.871296  0.000e+00
     66.992     7.7341    32.7124    25.5158 8.5470e-02      1.568    1479.74     51.620     4.9717 109.296577    6.74667     67.640     1.1957  33.871235  0.000e+00
     67.017     7.7342    32.7124    25.5158 8.5470e-02      1.568    1479.74     51.548     4.9647 109.296578    6.74665     67.665     1.1957  33.871417  0.000e+00
     67.028     7.7342    32.7126    25.5159 8.5470e-02      1.568    1479.74     51.542     4.9641 109.296578    6.74665     67.677     1.1957  33.871539  0.000e+00
     67.041     7.7339    32.7123    25.5157 8.5470e-02      1.546    1479.74     51.613     4.9710 109.296579    6.74670     67.690     1.1957  33.871053  0.000e+00
     67.053     7.7335    32.7130    25.5163 8.5470e-02      1.516    1479.74     51.617     4.9714 109.296579    6.74673     67.701     1.1957  33.871357  0.000e+00
     67.066     7.7336    32.7125    25.5159 9.7680e-02      1.509    1479.74     51.620     4.9717 109.296580    6.74675     67.714     1.1957  33.870931  0.000e+00
     67.088     7.7336    32.7129    25.5162 8.5470e-02      1.509    1479.74     51.624     4.9720 109.296580    6.74673     67.737     1.1957  33.871296  0.000e+00
     67.101     7.7335    32.7127    25.5161 9.7680e-02      1.524    1479.74     51.626     4.9723 109.296581    6.74675     67.751     1.1957  33.871053  0.000e+00
     67.101     7.7334    32.7126    25.5160 8.5470e-02      1.531    1479.74     51.629     4.9726 109.296581    6.74676     67.751     1.1957  33.870931  0.000e+00
     67.139     7.7334    32.7131    25.5164 9.7680e-02      1.531    1479.74     51.631     4.9727 109.296582    6.74675     67.788     1.1957  33.871357  0.000e+00
     67.137     7.7333    32.7130    25.5164 8.5470e-02      1.524    1479.74     51.632     4.9729 109.296582    6.74677     67.787     1.1652  33.871175  0.000e+00
     67.150     7.7334    32.7126    25.5160 9.7680e-02      1.516    1479.74     51.633     4.9730 109.296583    6.74676     67.800     1.1957  33.870932  0.000e+00
     67.173     7.7334    32.7133    25.5166 9.7680e-02      1.502    1479.74     51.634     4.9730 109.296583    6.74674     67.823     1.1957  33.871600  0.000e+00
     67.186     7.7336    32.7132    25.5164 8.5470e-02      1.487    1479.74     51.634     4.9730 109.296584    6.74672     67.836     1.1957  33.871601  0.000e+00
     67.199     7.7339    32.7133    25.5165 8.5470e-02      1.465    1479.74     51.633     4.9729 109.296584    6.74667     67.849     1.1957  33.871965  0.000e+00
     67.222     7.7342    32.7133    25.5165 8.5470e-02      1.465    1479.74     51.633     4.9728 109.296585    6.74661     67.872     1.1957  33.872330  0.000e+00
     67.222     7.7345    32.7137    25.5168 8.5470e-02      1.480    1479.74     51.642     4.9737 109.296585    6.74654     67.872     1.1957  33.872999  0.000e+00
     67.233     7.7349    32.7138    25.5168 8.5470e-02      1.487    1479.74     51.652     4.9746 109.296586    6.74649     67.884     1.1957  33.873364  0.000e+00
     67.259     7.7351    32.7139    25.5168 8.5470e-02      1.487    1479.75     51.651     4.9745 109.296586    6.74646     67.910     1.1957  33.873607  0.000e+00
     67.282     7.7357    32.7137    25.5165 8.5470e-02      1.524    1479.75     51.650     4.9743 109.296587    6.74638     67.933     1.1957  33.873911  0.000e+00
     67.271     7.7354    32.7141    25.5169 8.5470e-02      1.568    1479.75     51.647     4.9741 109.296587    6.74640     67.921     1.1957  33.874033  0.000e+00
     67.306     7.7358    32.7134    25.5163 8.5470e-02      1.670    1479.75     51.645     4.9738 109.296588    6.74636     67.958     1.1652  33.873790  0.000e+00
     67.319     7.7359    32.7133    25.5162 8.5470e-02      1.795    1479.75     51.642     4.9735 109.296588    6.74636     67.971     1.1957  33.873729  0.000e+00
     67.329     7.7359    32.7135    25.5164 8.5470e-02      1.780    1479.75     51.638     4.9732 109.296589    6.74635     67.981     1.1652  33.873972  0.000e+00
     67.342     7.7358    32.7136    25.5165 8.5470e-02      1.678    1479.75     51.634     4.9728 109.296589    6.74635     67.994     1.1652  33.874033  0.000e+00
     67.367     7.7357    32.7134    25.5164 8.5470e-02      1.575    1479.75     51.641     4.9735 109.296590    6.74638     68.018     1.1652  33.873790  0.000e+00
     67.367     7.7358    32.7133    25.5162 8.5470e-02      1.582    1479.75     51.648     4.9741 109.296590    6.74637     68.018     1.1652  33.873729  0.000e+00
     67.391     7.7360    32.7131    25.5160 9.7680e-02      1.612    1479.75     51.655     4.9748 109.296590    6.74635     68.043     1.1957  33.873729  0.000e+00
     67.415     7.7360    32.7135    25.5164 9.7680e-02      1.597    1479.75     51.650     4.9743 109.296591    6.74633     68.068     1.1957  33.874155  0.000e+00
     67.414     7.7360    32.7138    25.5166 9.7680e-02      1.560    1479.75     51.657     4.9749 109.296591    6.74632     68.066     1.1957  33.874337  0.000e+00
     67.427     7.7360    32.7139    25.5167 8.5470e-02      1.524    1479.75     51.652     4.9744 109.296592    6.74631     68.079     1.1957  33.874520  0.000e+00
     67.451     7.7363    32.7135    25.5163 8.5470e-02      1.495    1479.75     51.647     4.9739 109.296592    6.74628     68.104     1.1957  33.874398  0.000e+00
     67.476     7.7363    32.7136    25.5164 8.5470e-02      1.480    1479.75     51.641     4.9734 109.296593    6.74628     68.128     1.1957  33.874520  0.000e+00
     67.474     7.7362    32.7139    25.5166 8.5470e-02      1.473    1479.75     51.646     4.9739 109.296593    6.74629     68.127     1.1957  33.874642  0.000e+00
     67.500     7.7365    32.7136    25.5164 8.5470e-02      1.480    1479.75     51.640     4.9732 109.296594    6.74625     68.153     1.1957  33.874642  0.000e+00
     67.523     7.7365    32.7133    25.5161 8.5470e-02      1.487    1479.76     51.633     4.9726 109.296594    6.74626     68.176     1.1957  33.874398  0.000e+00
     67.524     7.7363    32.7131    25.5160 8.5470e-02      1.502    1479.75     51.637     4.9730 109.296595    6.74630     68.178     1.1957  33.874094  0.000e+00
     67.547     7.7362    32.7132    25.5161 8.5470e-02      1.524    1479.75     51.641     4.9734 109.296595    6.74632     68.201     1.1957  33.874034  0.000e+00
     67.572     7.7362    32.7130    25.5159 8.5470e-02      1.524    1479.75     51.646     4.9739 109.296596    6.74633     68.225     1.1957  33.873851  0.000e+00
     67.583     7.7360    32.7128    25.5158 8.5470e-02      1.509    1479.75     51.650     4.9743 109.296596    6.74637     68.237     1.1957  33.873487  0.000e+00
     67.585     7.7357    32.7129    25.5160 8.5470e-02      1.516    1479.75     51.643     4.9736 109.296597    6.74640     68.239     1.1957  33.873426  0.000e+00
     67.619     7.7355    32.7131    25.5161 8.5470e-02      1.546    1479.75     51.646     4.9740 109.296597    6.74642     68.273     1.1957  33.873426  0.000e+00
     67.620     7.7354    32.7130    25.5161 8.5470e-02      1.553    1479.75     51.639     4.9733 109.296598    6.74645     68.275     1.1957  33.873183  0.000e+00
     67.656     7.7351    32.7132    25.5163 8.5470e-02      1.531    1479.75     51.631     4.9726 109.296598    6.74649     68.311     1.1957  33.873122  0.000e+00
     67.656     7.7350    32.7132    25.5163 8.5470e-02      1.524    1479.75     51.622     4.9718 109.296599    6.74649     68.311     1.1957  33.873122  0.000e+00
     67.692     7.7347    32.7124    25.5157 8.5470e-02      1.590    1479.75     51.690     4.9783 109.296599    6.74657     68.347     1.1957  33.872149  0.000e+00
     67.692     7.7342    32.7118    25.5153 8.5470e-02      1.612    1479.75     51.615     4.9711 109.296600    6.74668     68.347     1.1957  33.871116  0.000e+00
     67.728     7.7333    32.7117    25.5153 8.5470e-02      1.590    1479.74     51.681     4.9777 109.296600    6.74683     68.383     1.1957  33.870204  0.000e+00
     67.716     7.7326    32.7114    25.5152 8.5470e-02      1.560    1479.74     51.615     4.9714 109.296601    6.74695     68.372     1.1957  33.869292  0.000e+00
     67.764     7.7317    32.7115    25.5154 8.5470e-02      1.546    1479.74     51.616     4.9716 109.296601    6.74708     68.419     1.1957  33.868684  0.000e+00
     67.752     7.7309    32.7119    25.5158 8.5470e-02      1.546    1479.74     51.605     4.9705 109.296602    6.74719     68.408     1.1957  33.868258  0.000e+00
     67.790     7.7302    32.7122    25.5161 8.5470e-02      1.516    1479.73     51.593     4.9695 109.296602    6.74729     68.446     1.1957  33.867955  0.000e+00
     67.801     7.7296    32.7123    25.5163 8.5470e-02      1.509    1479.73     51.592     4.9695 109.296603    6.74737     68.457     1.1957  33.867590  0.000e+00
     67.826     7.7291    32.7119    25.5161 8.5470e-02      1.524    1479.73     51.592     4.9695 109.296603    6.74747     68.482     1.1957  33.866800  0.000e+00
     67.837     7.7287    32.7121    25.5163 8.5470e-02      1.568    1479.73     51.591     4.9695 109.296603    6.74753     68.493     1.2263  33.866617  0.000e+00
     67.861     7.7283    32.7122    25.5165 8.5470e-02      1.582    1479.73     51.590     4.9695 109.296604    6.74758     68.518     1.1957  33.866374  0.000e+00
     67.873     7.7283    32.7124    25.5166 8.5470e-02      1.568    1479.73     51.589     4.9694 109.296604    6.74757     68.529     1.1957  33.866617  0.000e+00
     67.886     7.7277    32.7125    25.5168 9.7680e-02      1.553    1479.73     51.589     4.9694 109.296605    6.74766     68.543     1.1957  33.866192  0.000e+00
     67.922     7.7276    32.7119    25.5163 8.5470e-02      1.516    1479.73     51.588     4.9693 109.296605    6.74770     68.579     1.1957  33.865523  0.000e+00
