ctd/data/2024/seabird/Lysakerfj_geokurs.cnv
* Sea-Bird SBE 9 Data File:
* FileName = C:\CTD Brukere\UiO Kurs\Geo kurs 2024\Lysakerfj_geokurs.hex
* Software Version Seasave V 7.26.7.121
* Temperature SN = 5352
* Conductivity SN = 3840
* Number of Bytes Per Scan = 38
* Number of Voltage Words = 5
* Number of Scans Averaged by the Deck Unit = 1
* NMEA Latitude = 59 54.30 N
* NMEA Longitude = 010 38.99 E
* NMEA UTC (Time) = Apr 18 2024 06:38:06
* NMEA baud rate = 4800
** Ship: R/V Trygve Braarud
** Cruise:
** Station:
** Operator:
# nquan = 15
# nvalues = 3173                                  
# units = specified
# name 0 = depSM: Depth [salt water, m]
# name 1 = t090C: Temperature [ITS-90, deg C]
# name 2 = sal00: Salinity, Practical [PSU]
# name 3 = sigma-t00: Density [sigma-t, kg/m^3 ]
# name 4 = flSP: Fluorescence, Seapoint
# name 5 = seaTurbMtr: Turbidity, Seapoint [FTU]
# name 6 = svCM: Sound Velocity [Chen-Millero, m/s]
# name 7 = sbeox0PS: Oxygen, SBE 43 [% saturation]
# name 8 = sbeox0Mg/L: Oxygen, SBE 43 [mg/l]
# name 9 = timeJ: Julian Days
# name 10 = oxsatML/L: Oxygen Saturation, Weiss [ml/l]
# name 11 = prDM: Pressure, Digiquartz [db]
# name 12 = wetStar: Fluorescence, WET Labs WETstar [mg/m^3]
# name 13 = c0mS/cm: Conductivity [mS/cm]
# name 14 = flag:  0.000e+00
# span 0 =      0.202,     32.591                 
# span 1 =     3.8887,     7.2534                 
# span 2 =    18.9241,    32.0936                 
# span 3 =    14.9052,    25.0961                 
# span 4 = 9.7680e-02, 3.1136e+00                 
# span 5 =      1.004,     16.630                 
# span 6 =    1452.84,    1476.54                 
# span 7 =     46.714,     86.244                 
# span 8 =     4.5673,     9.4106                 
# span 9 = 109.276586, 109.278115                 
# span 10 =    6.84957,    7.76526                
# span 11 =      0.204,     32.904                
# span 12 =     1.4705,     4.5840                
# span 13 =  19.436917,  32.864643                
# span 14 = 0.0000e+00, 0.0000e+00                
# interval = seconds: 0.0416667
# start_time = Apr 18 2024 06:38:17 [System UTC, first data scan.]
# bad_flag = -9.990e-29
*END*
[from data line 1928]
     24.747     6.9692    31.7278    24.8461 1.5873e-01      1.231    1474.85     48.047     4.7398 109.277515    6.91142     24.984     1.6231  32.282461  0.000e+00
     24.747     6.9695    31.7291    24.8471 1.4652e-01      1.231    1474.86     48.074     4.7423 109.277516    6.91131     24.984     1.6231  32.283954  0.000e+00
     24.770     6.9709    31.7313    24.8487 1.4652e-01      1.223    1474.87     48.094     4.7441 109.277516    6.91099     25.007     1.6231  32.287177  0.000e+00
     24.770     6.9733    31.7336    24.8502 1.3431e-01      1.209    1474.88     48.042     4.7387 109.277517    6.91049     25.007     1.6231  32.291356  0.000e+00
     24.789     6.9758    31.7348    24.8507 1.2210e-01      1.201    1474.89     48.061     4.7402 109.277517    6.91004     25.027     1.6231  32.294461  0.000e+00
     24.794     6.9780    31.7356    24.8511 1.2210e-01      1.187    1474.90     48.073     4.7411 109.277518    6.90965     25.032     1.6231  32.297147  0.000e+00
     24.819     6.9793    31.7371    24.8521 1.3431e-01      1.179    1474.91     48.090     4.7426 109.277518    6.90937     25.056     1.6231  32.299595  0.000e+00
     24.819     6.9805    31.7378    24.8524 1.3431e-01      1.172    1474.91     48.188     4.7522 109.277519    6.90914     25.056     1.5926  32.301267  0.000e+00
     24.838     6.9815    31.7383    24.8527 1.3431e-01      1.179    1474.92     48.137     4.7470 109.277519    6.90896     25.076     1.6231  32.302581  0.000e+00
     24.854     6.9825    31.7384    24.8527 1.3431e-01      1.201    1474.92     48.156     4.7487 109.277520    6.90880     25.092     1.6231  32.303536  0.000e+00
     24.854     6.9832    31.7390    24.8530 1.2210e-01      1.223    1474.92     48.178     4.7508 109.277520    6.90865     25.092     1.6231  32.304671  0.000e+00
     24.854     6.9839    31.7396    24.8535 1.2210e-01      1.238    1474.93     48.117     4.7447 109.277521    6.90851     25.092     1.5926  32.305865  0.000e+00
     24.903     6.9845    31.7396    24.8534 1.2210e-01      1.231    1474.93     48.202     4.7530 109.277521    6.90842     25.141     1.5926  32.306343  0.000e+00
     24.887     6.9853    31.7401    24.8537 1.2210e-01      1.223    1474.93     48.225     4.7551 109.277522    6.90826     25.125     1.5926  32.307537  0.000e+00
     24.903     6.9860    31.7413    24.8546 1.2210e-01      1.216    1474.94     48.251     4.7577 109.277522    6.90810     25.141     1.5926  32.309209  0.000e+00
     24.914     6.9864    31.7418    24.8549 1.2210e-01      1.209    1474.94     48.270     4.7595 109.277523    6.90800     25.153     1.6231  32.310045  0.000e+00
     24.926     6.9869    31.7430    24.8558 1.2210e-01      1.201    1474.95     48.292     4.7616 109.277523    6.90787     25.164     1.6231  32.311597  0.000e+00
     24.934     6.9878    31.7441    24.8565 1.2210e-01      1.187    1474.95     48.241     4.7564 109.277524    6.90767     25.172     1.6231  32.313389  0.000e+00
     24.950     6.9887    31.7453    24.8574 1.0989e-01      1.172    1474.96     48.248     4.7569 109.277524    6.90749     25.189     1.6231  32.315180  0.000e+00
     24.963     6.9898    31.7464    24.8581 1.0989e-01      1.165    1474.96     48.257     4.7577 109.277525    6.90726     25.202     1.6231  32.317151  0.000e+00
     24.963     6.9911    31.7469    24.8583 9.7680e-02      1.165    1474.97     48.270     4.7588 109.277525    6.90701     25.202     1.5926  32.318764  0.000e+00
     24.982     6.9924    31.7477    24.8587 1.0989e-01      1.172    1474.97     48.286     4.7602 109.277526    6.90678     25.222     1.6231  32.320495  0.000e+00
     24.986     6.9935    31.7489    24.8595 9.7680e-02      1.194    1474.98     48.229     4.7544 109.277526    6.90655     25.225     1.6231  32.322526  0.000e+00
     24.999     6.9944    31.7493    24.8597 1.0989e-01      1.216    1474.98     48.306     4.7619 109.277527    6.90638     25.238     1.6231  32.323720  0.000e+00
     25.023     6.9951    31.7494    24.8597 1.0989e-01      1.216    1474.99     48.244     4.7557 109.277527    6.90627     25.262     1.6231  32.324377  0.000e+00
     25.018     6.9955    31.7499    24.8601 1.2210e-01      1.223    1474.99     48.327     4.7638 109.277527    6.90618     25.258     1.6231  32.325214  0.000e+00
     25.034     6.9962    31.7502    24.8602 1.2210e-01      1.209    1474.99     48.270     4.7581 109.277528    6.90605     25.274     1.6231  32.326050  0.000e+00
     25.046     6.9968    31.7506    24.8604 1.0989e-01      1.201    1475.00     48.271     4.7582 109.277528    6.90593     25.285     1.5926  32.326946  0.000e+00
     25.059     6.9970    31.7514    24.8610 1.0989e-01      1.201    1475.00     48.275     4.7585 109.277529    6.90587     25.299     1.5926  32.327842  0.000e+00
     25.065     6.9971    31.7517    24.8612 1.0989e-01      1.231    1475.00     48.282     4.7591 109.277529    6.90583     25.305     1.5620  32.328260  0.000e+00
     25.081     6.9980    31.7520    24.8614 1.0989e-01      1.238    1475.00     48.214     4.7524 109.277530    6.90568     25.321     1.5926  32.329275  0.000e+00
     25.094     6.9986    31.7530    24.8621 1.0989e-01      1.238    1475.01     48.216     4.7524 109.277530    6.90554     25.335     1.6231  32.330649  0.000e+00
     25.106     6.9995    31.7530    24.8619 1.2210e-01      1.223    1475.01     48.209     4.7516 109.277531    6.90539     25.346     1.6231  32.331485  0.000e+00
     25.125     6.9998    31.7533    24.8622 1.2210e-01      1.209    1475.01     48.205     4.7512 109.277531    6.90532     25.366     1.5926  32.332082  0.000e+00
     25.130     7.0003    31.7538    24.8625 1.0989e-01      1.216    1475.01     48.203     4.7510 109.277532    6.90522     25.371     1.5926  32.332919  0.000e+00
     25.130     7.0013    31.7533    24.8620 1.0989e-01      1.216    1475.02     48.205     4.7510 109.277532    6.90509     25.371     1.5926  32.333337  0.000e+00
     25.166     7.0021    31.7537    24.8622 1.0989e-01      1.223    1475.02     48.209     4.7513 109.277533    6.90494     25.407     1.5926  32.334352  0.000e+00
     25.174     7.0024    31.7544    24.8627 1.0989e-01      1.223    1475.02     48.216     4.7519 109.277533    6.90486     25.415     1.5926  32.335308  0.000e+00
     25.190     7.0032    31.7546    24.8628 1.0989e-01      1.231    1475.03     48.225     4.7528 109.277534    6.90472     25.431     1.6231  32.336144  0.000e+00
     25.201     7.0040    31.7543    24.8624 1.0989e-01      1.238    1475.03     48.161     4.7464 109.277534    6.90461     25.443     1.6231  32.336562  0.000e+00
     25.214     7.0046    31.7548    24.8627 1.0989e-01      1.253    1475.03     48.154     4.7456 109.277535    6.90448     25.456     1.6231  32.337578  0.000e+00
     25.221     7.0051    31.7552    24.8629 1.0989e-01      1.275    1475.04     48.150     4.7452 109.277535    6.90439     25.462     1.6231  32.338295  0.000e+00
     25.250     7.0056    31.7551    24.8628 1.0989e-01      1.275    1475.04     48.149     4.7450 109.277536    6.90431     25.492     1.5926  32.338653  0.000e+00
     25.261     7.0058    31.7562    24.8637 1.0989e-01      1.253    1475.04     48.150     4.7451 109.277536    6.90423     25.503     1.6231  32.339848  0.000e+00
     25.269     7.0062    31.7567    24.8640 1.0989e-01      1.238    1475.04     48.155     4.7454 109.277537    6.90414     25.511     1.5926  32.340684  0.000e+00
     25.286     7.0065    31.7571    24.8643 1.0989e-01      1.238    1475.05     48.085     4.7385 109.277537    6.90407     25.528     1.6231  32.341282  0.000e+00
     25.310     7.0070    31.7582    24.8651 9.7680e-02      1.223    1475.05     48.084     4.7384 109.277538    6.90394     25.552     1.6231  32.342775  0.000e+00
     25.334     7.0078    31.7588    24.8654 9.7680e-02      1.201    1475.05     48.075     4.7374 109.277538    6.90379     25.577     1.5926  32.343910  0.000e+00
     25.329     7.0086    31.7592    24.8657 9.7680e-02      1.201    1475.06     48.069     4.7366 109.277539    6.90364     25.572     1.5926  32.345045  0.000e+00
     25.357     7.0093    31.7591    24.8655 9.7680e-02      1.209    1475.06     48.065     4.7362 109.277539    6.90354     25.600     1.5926  32.345523  0.000e+00
     25.370     7.0099    31.7598    24.8660 9.7680e-02      1.231    1475.06     48.064     4.7360 109.277540    6.90340     25.613     1.5926  32.346718  0.000e+00
     25.381     7.0107    31.7602    24.8662 1.0989e-01      1.253    1475.07     47.989     4.7286 109.277540    6.90326     25.624     1.5926  32.347734  0.000e+00
     25.401     7.0113    31.7601    24.8660 1.0989e-01      1.253    1475.07     47.972     4.7268 109.277541    6.90316     25.644     1.5926  32.348152  0.000e+00
     25.417     7.0118    31.7602    24.8660 1.0989e-01      1.260    1475.07     47.957     4.7253 109.277541    6.90308     25.660     1.5926  32.348689  0.000e+00
     25.441     7.0125    31.7602    24.8660 1.0989e-01      1.311    1475.07     47.945     4.7240 109.277541    6.90297     25.685     1.5926  32.349287  0.000e+00
     25.461     7.0124    31.7609    24.8665 1.0989e-01      1.363    1475.08     47.936     4.7231 109.277542    6.90295     25.705     1.5926  32.349884  0.000e+00
     25.466     7.0126    31.7607    24.8663 1.0989e-01      1.377    1475.08     47.865     4.7161 109.277542    6.90293     25.709     1.5926  32.349825  0.000e+00
     25.490     7.0126    31.7610    24.8665 1.0989e-01      1.385    1475.08     47.851     4.7147 109.277543    6.90292     25.734     1.5926  32.350123  0.000e+00
     25.501     7.0128    31.7613    24.8667 1.0989e-01      1.407    1475.08     47.841     4.7136 109.277543    6.90288     25.745     1.5926  32.350542  0.000e+00
     25.532     7.0127    31.7626    24.8678 9.7680e-02      1.414    1475.08     47.834     4.7129 109.277544    6.90283     25.777     1.5926  32.351737  0.000e+00
     25.550     7.0129    31.7631    24.8681 1.0989e-01      1.399    1475.08     47.818     4.7113 109.277544    6.90277     25.795     1.5926  32.352334  0.000e+00
     25.561     7.0129    31.7630    24.8680 1.0989e-01      1.355    1475.08     47.740     4.7037 109.277545    6.90278     25.806     1.5926  32.352215  0.000e+00
     25.581     7.0126    31.7622    24.8675 1.0989e-01      1.319    1475.08     47.732     4.7029 109.277545    6.90286     25.826     1.5926  32.351259  0.000e+00
     25.597     7.0123    31.7648    24.8696 1.0989e-01      1.289    1475.08     47.727     4.7024 109.277546    6.90280     25.842     1.5926  32.353410  0.000e+00
     25.633     7.0134    31.7676    24.8716 1.0989e-01      1.267    1475.09     47.725     4.7020 109.277546    6.90249     25.878     1.5926  32.356935  0.000e+00
     25.628     7.0158    31.7697    24.8729 1.0989e-01      1.238    1475.10     47.727     4.7019 109.277547    6.90201     25.873     1.5926  32.360878  0.000e+00
     25.670     7.0182    31.7716    24.8741 1.0989e-01      1.216    1475.12     47.722     4.7010 109.277547    6.90155     25.916     1.5926  32.364643  0.000e+00
     25.681     7.0200    31.7728    24.8749 1.0989e-01      1.231    1475.12     47.720     4.7006 109.277548    6.90120     25.927     1.5926  32.367332  0.000e+00
     25.701     7.0228    31.7730    24.8746 1.0989e-01      1.238    1475.14     47.720     4.7003 109.277548    6.90073     25.947     1.6231  32.369901  0.000e+00
     25.717     7.0249    31.7733    24.8746 9.7680e-02      1.245    1475.14     47.648     4.6930 109.277549    6.90038     25.963     1.5926  32.371992  0.000e+00
     25.730     7.0267    31.7733    24.8744 9.7680e-02      1.245    1475.15     47.645     4.6925 109.277549    6.90010     25.976     1.5926  32.373486  0.000e+00
     25.761     7.0283    31.7739    24.8746 9.7680e-02      1.238    1475.16     47.634     4.6912 109.277550    6.89981     26.007     1.5926  32.375399  0.000e+00
     25.777     7.0300    31.7743    24.8747 1.0989e-01      1.297    1475.17     47.637     4.6913 109.277550    6.89951     26.024     1.5926  32.377251  0.000e+00
     25.801     7.0310    31.7746    24.8748 1.0989e-01      1.311    1475.17     47.633     4.6908 109.277551    6.89934     26.048     1.5926  32.378387  0.000e+00
     25.813     7.0324    31.7750    24.8749 1.2210e-01      1.297    1475.18     47.644     4.6917 109.277551    6.89910     26.060     1.5926  32.379940  0.000e+00
     25.843     7.0331    31.7754    24.8751 1.2210e-01      1.267    1475.18     47.647     4.6919 109.277552    6.89897     26.091     1.5926  32.380837  0.000e+00
     25.873     7.0337    31.7752    24.8750 1.2210e-01      1.231    1475.18     47.576     4.6849 109.277552    6.89888     26.120     1.5926  32.381255  0.000e+00
     25.886     7.0339    31.7758    24.8754 1.2210e-01      1.194    1475.19     47.575     4.6847 109.277553    6.89882     26.133     1.5620  32.381973  0.000e+00
     25.903     7.0342    31.7762    24.8757 1.4652e-01      1.172    1475.19     47.577     4.6849 109.277553    6.89875     26.152     1.5926  32.382630  0.000e+00
     25.921     7.0358    31.7769    24.8760 1.4652e-01      1.165    1475.19     47.572     4.6842 109.277554    6.89847     26.170     1.5926  32.384543  0.000e+00
     25.946     7.0369    31.7776    24.8764 1.3431e-01      1.158    1475.20     47.570     4.6838 109.277554    6.89825     26.194     1.5926  32.386216  0.000e+00
     25.963     7.0382    31.7790    24.8773 1.2210e-01      1.150    1475.21     47.570     4.6837 109.277554    6.89798     26.212     1.5926  32.388607  0.000e+00
     25.981     7.0394    31.7796    24.8777 1.0989e-01      1.143    1475.21     47.498     4.6764 109.277555    6.89776     26.230     1.6231  32.390221  0.000e+00
     25.999     7.0411    31.7796    24.8774 1.0989e-01      1.158    1475.22     47.495     4.6759 109.277555    6.89749     26.248     1.5926  32.391655  0.000e+00
     26.028     7.0424    31.7796    24.8772 1.0989e-01      1.209    1475.23     47.495     4.6759 109.277556    6.89729     26.278     1.5926  32.392671  0.000e+00
     26.053     7.0432    31.7804    24.8778 1.0989e-01      1.245    1475.23     47.500     4.6762 109.277556    6.89711     26.302     1.5926  32.394225  0.000e+00
     26.059     7.0443    31.7810    24.8781 1.0989e-01      1.238    1475.24     47.507     4.6768 109.277557    6.89692     26.309     1.6231  32.395600  0.000e+00
     26.077     7.0451    31.7815    24.8784 1.0989e-01      1.209    1475.24     47.519     4.6778 109.277557    6.89676     26.327     1.6231  32.396796  0.000e+00
     26.113     7.0454    31.7819    24.8787 1.0989e-01      1.187    1475.24     47.446     4.6706 109.277558    6.89669     26.363     1.6231  32.397453  0.000e+00
     26.119     7.0465    31.7818    24.8784 1.0989e-01      1.172    1475.25     47.442     4.6701 109.277558    6.89652     26.369     1.5926  32.398290  0.000e+00
     26.148     7.0472    31.7819    24.8784 9.7680e-02      1.158    1475.25     47.443     4.6701 109.277559    6.89641     26.399     1.5926  32.398948  0.000e+00
     26.161     7.0476    31.7824    24.8787 9.7680e-02      1.187    1475.25     47.446     4.6704 109.277559    6.89631     26.412     1.5620  32.399785  0.000e+00
     26.179     7.0484    31.7823    24.8786 1.0989e-01      1.209    1475.26     47.377     4.6635 109.277560    6.89618     26.430     1.5926  32.400442  0.000e+00
     26.197     7.0489    31.7823    24.8785 1.0989e-01      1.194    1475.26     47.454     4.6710 109.277560    6.89611     26.448     1.5926  32.400801  0.000e+00
     26.233     7.0497    31.7824    24.8784 1.0989e-01      1.172    1475.26     47.382     4.6638 109.277561    6.89598     26.484     1.5926  32.401578  0.000e+00
     26.239     7.0499    31.7835    24.8793 1.0989e-01      1.165    1475.26     47.378     4.6634 109.277561    6.89590     26.490     1.5620  32.402714  0.000e+00
