ctd/data/2024/seabird/Lysakerfj_BN1.cnv
* Sea-Bird SBE 9 Data File:
* FileName = C:\CTD Brukere\UiO Kurs\Geo kurs 2024\Lysakerfj_BN1.hex
* Software Version Seasave V 7.26.7.121
* Temperature SN = 5352
* Conductivity SN = 3840
* Number of Bytes Per Scan = 38
* Number of Voltage Words = 5
* Number of Scans Averaged by the Deck Unit = 1
* NMEA Latitude = 59 52.83 N
* NMEA Longitude = 010 38.82 E
* NMEA UTC (Time) = Apr 18 2024 07:02:57
* NMEA baud rate = 4800
** Ship: R/V Trygve Braarud
** Cruise:
** Station:
** Operator:
# nquan = 15
# nvalues = 5260                                  
# units = specified
# name 0 = depSM: Depth [salt water, m]
# name 1 = t090C: Temperature [ITS-90, deg C]
# name 2 = sal00: Salinity, Practical [PSU]
# name 3 = sigma-t00: Density [sigma-t, kg/m^3 ]
# name 4 = flSP: Fluorescence, Seapoint
# name 5 = seaTurbMtr: Turbidity, Seapoint [FTU]
# name 6 = svCM: Sound Velocity [Chen-Millero, m/s]
# name 7 = sbeox0PS: Oxygen, SBE 43 [% saturation]
# name 8 = sbeox0Mg/L: Oxygen, SBE 43 [mg/l]
# name 9 = timeJ: Julian Days
# name 10 = oxsatML/L: Oxygen Saturation, Weiss [ml/l]
# name 11 = prDM: Pressure, Digiquartz [db]
# name 12 = wetStar: Fluorescence, WET Labs WETstar [mg/m^3]
# name 13 = c0mS/cm: Conductivity [mS/cm]
# name 14 = flag:  0.000e+00
# span 0 =      0.244,     76.039                 
# span 1 =     4.1228,     7.8379                 
# span 2 =    19.3256,    32.7315                 
# span 3 =    15.2611,    25.5275                 
# span 4 = 7.3260e-02, 2.0879e+00                 
# span 5 =      0.974,      5.495                 
# span 6 =    1451.55,    1480.00                 
# span 7 =     48.205,     86.993                 
# span 8 =     4.6343,     9.5097                 
# span 9 = 109.294329, 109.296865                 
# span 10 =    6.73163,    7.82677                
# span 11 =      0.246,     76.776                
# span 12 =     1.1652,     4.4619                
# span 13 =  19.580529,  33.930951                
# span 14 = 0.0000e+00, 0.0000e+00                
# interval = seconds: 0.0416667
# start_time = Apr 18 2024 07:03:50 [System UTC, first data scan.]
# bad_flag = -9.990e-29
*END*
[from data line 4145]
     58.857     7.7560    32.7028    25.5051 8.5470e-02      1.509    1479.67     50.697     4.8806 109.296328    6.74369     59.425     1.1957  33.877895  0.000e+00
     58.862     7.7557    32.7030    25.5053 8.5470e-02      1.678    1479.67     50.686     4.8796 109.296328    6.74373     59.430     1.1652  33.877834  0.000e+00
     58.870     7.7550    32.7038    25.5061 8.5470e-02      1.729    1479.67     50.675     4.8786 109.296329    6.74380     59.438     1.1957  33.877956  0.000e+00
     58.893     7.7544    32.7044    25.5066 8.5470e-02      1.670    1479.67     50.675     4.8786 109.296329    6.74387     59.461     1.1957  33.878017  0.000e+00
     58.898     7.7542    32.7046    25.5068 8.5470e-02      1.626    1479.67     50.674     4.8786 109.296330    6.74389     59.466     1.1957  33.878017  0.000e+00
     58.906     7.7540    32.7050    25.5071 8.5470e-02      1.612    1479.67     50.674     4.8786 109.296330    6.74391     59.475     1.1957  33.878199  0.000e+00
     58.935     7.7538    32.7048    25.5070 8.5470e-02      1.553    1479.67     50.674     4.8786 109.296331    6.74395     59.504     1.1957  33.877895  0.000e+00
     58.942     7.7538    32.7049    25.5071 8.5470e-02      1.495    1479.67     50.673     4.8785 109.296331    6.74394     59.511     1.1957  33.877956  0.000e+00
     58.953     7.7534    32.7053    25.5075 8.5470e-02      1.458    1479.67     50.673     4.8785 109.296332    6.74399     59.522     1.1957  33.878017  0.000e+00
     58.971     7.7538    32.7050    25.5071 9.7680e-02      1.436    1479.67     50.673     4.8785 109.296332    6.74394     59.540     1.1957  33.878017  0.000e+00
     58.990     7.7534    32.7053    25.5075 9.7680e-02      1.436    1479.67     50.673     4.8785 109.296332    6.74399     59.560     1.1957  33.878017  0.000e+00
     58.990     7.7528    32.7059    25.5080 9.7680e-02      1.443    1479.67     50.672     4.8785 109.296333    6.74406     59.560     1.1957  33.878017  0.000e+00
     59.020     7.7525    32.7062    25.5083 9.7680e-02      1.451    1479.67     50.748     4.8859 109.296333    6.74409     59.589     1.1957  33.878017  0.000e+00
     59.026     7.7524    32.7064    25.5085 9.7680e-02      1.443    1479.67     50.682     4.8795 109.296334    6.74409     59.596     1.1957  33.878200  0.000e+00
     59.038     7.7525    32.7062    25.5083 9.7680e-02      1.443    1479.67     50.681     4.8794 109.296334    6.74409     59.608     1.1957  33.878078  0.000e+00
     59.055     7.7525    32.7059    25.5080 8.5470e-02      1.443    1479.67     50.680     4.8793 109.296335    6.74410     59.626     1.1652  33.877774  0.000e+00
     59.073     7.7524    32.7064    25.5085 8.5470e-02      1.443    1479.67     50.679     4.8792 109.296335    6.74410     59.644     1.1957  33.878200  0.000e+00
     59.086     7.7523    32.7066    25.5086 8.5470e-02      1.436    1479.67     50.679     4.8792 109.296336    6.74410     59.657     1.1957  33.878322  0.000e+00
     59.103     7.7525    32.7064    25.5085 8.5470e-02      1.473    1479.67     50.754     4.8864 109.296336    6.74408     59.673     1.1957  33.878322  0.000e+00
     59.111     7.7521    32.7068    25.5088 9.7680e-02      1.531    1479.67     50.687     4.8800 109.296337    6.74413     59.681     1.1957  33.878322  0.000e+00
     59.134     7.7522    32.7065    25.5085 9.7680e-02      1.597    1479.67     50.751     4.8862 109.296337    6.74413     59.704     1.1652  33.878079  0.000e+00
     59.140     7.7515    32.7073    25.5093 8.5470e-02      1.612    1479.67     50.760     4.8871 109.296338    6.74419     59.711     1.1652  33.878261  0.000e+00
     59.158     7.7519    32.7072    25.5092 8.5470e-02      1.619    1479.67     50.692     4.8804 109.296338    6.74413     59.729     1.1957  33.878565  0.000e+00
     59.182     7.7518    32.7071    25.5091 8.5470e-02      1.612    1479.67     50.766     4.8876 109.296339    6.74415     59.754     1.1957  33.878383  0.000e+00
     59.187     7.7515    32.7073    25.5093 8.5470e-02      1.590    1479.67     50.697     4.8810 109.296339    6.74419     59.759     1.1957  33.878322  0.000e+00
     59.207     7.7514    32.7071    25.5092 8.5470e-02      1.546    1479.67     50.770     4.8881 109.296340    6.74421     59.778     1.1957  33.878079  0.000e+00
     59.218     7.7514    32.7073    25.5093 8.5470e-02      1.509    1479.67     50.778     4.8888 109.296340    6.74421     59.790     1.1957  33.878201  0.000e+00
     59.236     7.7511    32.7077    25.5096 8.5470e-02      1.509    1479.67     50.784     4.8894 109.296341    6.74424     59.808     1.1957  33.878322  0.000e+00
     59.255     7.7510    32.7080    25.5099 8.5470e-02      1.634    1479.67     50.791     4.8901 109.296341    6.74424     59.828     1.1957  33.878566  0.000e+00
     59.278     7.7510    32.7075    25.5095 8.5470e-02      1.685    1479.67     50.797     4.8907 109.296342    6.74426     59.851     1.1957  33.878140  0.000e+00
     59.285     7.7510    32.7076    25.5096 8.5470e-02      1.626    1479.67     50.802     4.8912 109.296342    6.74426     59.857     1.1957  33.878201  0.000e+00
     59.303     7.7510    32.7075    25.5095 9.7680e-02      1.560    1479.67     50.807     4.8917 109.296343    6.74426     59.875     1.1957  33.878079  0.000e+00
     59.303     7.7510    32.7077    25.5096 1.3431e-01      1.509    1479.67     50.735     4.8847 109.296343    6.74425     59.875     1.1957  33.878262  0.000e+00
     59.345     7.7510    32.7077    25.5097 1.3431e-01      1.487    1479.67     50.806     4.8915 109.296344    6.74426     59.918     1.1957  33.878323  0.000e+00
     59.338     7.7512    32.7075    25.5095 1.0989e-01      1.473    1479.67     50.810     4.8919 109.296344    6.74423     59.911     1.1957  33.878323  0.000e+00
     59.376     7.7512    32.7077    25.5096 1.0989e-01      1.480    1479.67     50.814     4.8922 109.296345    6.74422     59.949     1.1957  33.878505  0.000e+00
     59.376     7.7510    32.7081    25.5100 1.0989e-01      1.487    1479.67     50.817     4.8926 109.296345    6.74424     59.949     1.1957  33.878627  0.000e+00
     59.392     7.7512    32.7074    25.5094 9.7680e-02      1.495    1479.67     50.820     4.8928 109.296345    6.74423     59.966     1.1652  33.878201  0.000e+00
     59.423     7.7512    32.7076    25.5096 9.7680e-02      1.480    1479.67     50.822     4.8931 109.296346    6.74422     59.997     1.1957  33.878445  0.000e+00
     59.423     7.7513    32.7075    25.5095 8.5470e-02      1.487    1479.67     50.824     4.8932 109.296346    6.74422     59.997     1.1957  33.878384  0.000e+00
     59.452     7.7510    32.7077    25.5096 8.5470e-02      1.590    1479.67     50.837     4.8945 109.296347    6.74425     60.026     1.1957  33.878323  0.000e+00
     59.459     7.7511    32.7077    25.5097 8.5470e-02      1.612    1479.67     50.838     4.8946 109.296347    6.74423     60.033     1.1957  33.878505  0.000e+00
     59.483     7.7510    32.7078    25.5097 8.5470e-02      1.568    1479.67     50.850     4.8958 109.296348    6.74425     60.057     1.1957  33.878445  0.000e+00
     59.490     7.7510    32.7079    25.5098 8.5470e-02      1.516    1479.67     50.851     4.8959 109.296348    6.74424     60.064     1.1957  33.878566  0.000e+00
     59.508     7.7511    32.7079    25.5098 8.5470e-02      1.502    1479.67     50.852     4.8959 109.296349    6.74423     60.082     1.1957  33.878627  0.000e+00
     59.532     7.7509    32.7081    25.5100 8.5470e-02      1.524    1479.67     50.852     4.8960 109.296349    6.74426     60.107     1.2263  33.878627  0.000e+00
     59.512     7.7512    32.7072    25.5093 8.5470e-02      1.560    1479.67     50.851     4.8959 109.296350    6.74424     60.087     1.2263  33.878141  0.000e+00
     59.592     7.7513    32.7075    25.5095 8.5470e-02      1.560    1479.67     50.851     4.8958 109.296350    6.74422     60.168     1.2263  33.878506  0.000e+00
     59.579     7.7514    32.7073    25.5093 8.5470e-02      1.590    1479.67     50.850     4.8957 109.296351    6.74421     60.154     1.1957  33.878384  0.000e+00
     59.592     7.7514    32.7070    25.5091 9.7680e-02      1.619    1479.67     50.848     4.8955 109.296351    6.74423     60.168     1.1957  33.878080  0.000e+00
     59.610     7.7513    32.7072    25.5093 9.7680e-02      1.604    1479.67     50.846     4.8953 109.296352    6.74423     60.186     1.1957  33.878202  0.000e+00
     59.628     7.7512    32.7074    25.5094 9.7680e-02      1.590    1479.67     50.843     4.8951 109.296352    6.74423     60.204     1.1957  33.878324  0.000e+00
     59.652     7.7510    32.7074    25.5094 9.7680e-02      1.568    1479.67     50.840     4.8948 109.296353    6.74427     60.228     1.1957  33.878141  0.000e+00
     59.633     7.7511    32.7076    25.5096 9.7680e-02      1.524    1479.67     50.836     4.8944 109.296353    6.74424     60.209     1.1957  33.878445  0.000e+00
     59.724     7.7512    32.7074    25.5094 9.7680e-02      1.495    1479.67     50.833     4.8941 109.296354    6.74423     60.301     1.2263  33.878385  0.000e+00
     59.701     7.7513    32.7070    25.5091 9.7680e-02      1.480    1479.67     50.828     4.8937 109.296354    6.74424     60.278     1.1957  33.878081  0.000e+00
     59.724     7.7510    32.7072    25.5093 9.7680e-02      1.480    1479.67     50.824     4.8932 109.296355    6.74427     60.301     1.1957  33.878020  0.000e+00
     59.742     7.7507    32.7075    25.5095 8.5470e-02      1.465    1479.67     50.818     4.8928 109.296355    6.74431     60.319     1.1957  33.878020  0.000e+00
     59.748     7.7508    32.7077    25.5097 8.5470e-02      1.480    1479.67     50.813     4.8922 109.296356    6.74429     60.325     1.1957  33.878263  0.000e+00
     59.773     7.7504    32.7081    25.5101 8.5470e-02      1.473    1479.67     50.807     4.8916 109.296356    6.74433     60.350     1.1957  33.878324  0.000e+00
     59.797     7.7506    32.7077    25.5097 8.5470e-02      1.473    1479.67     50.800     4.8910 109.296357    6.74432     60.374     1.1957  33.878081  0.000e+00
     59.815     7.7505    32.7079    25.5099 8.5470e-02      1.480    1479.67     50.881     4.8988 109.296357    6.74433     60.393     1.1957  33.878203  0.000e+00
     59.821     7.7504    32.7078    25.5098 8.5470e-02      1.473    1479.67     50.807     4.8917 109.296358    6.74434     60.399     1.1957  33.878081  0.000e+00
     59.844     7.7506    32.7081    25.5100 9.7680e-02      1.465    1479.68     50.876     4.8983 109.296358    6.74430     60.422     1.1957  33.878507  0.000e+00
     59.857     7.7503    32.7079    25.5100 8.5470e-02      1.443    1479.67     50.801     4.8911 109.296359    6.74435     60.435     1.1957  33.878142  0.000e+00
     59.875     7.7504    32.7077    25.5098 9.7680e-02      1.429    1479.67     50.792     4.8902 109.296359    6.74434     60.453     1.1957  33.878020  0.000e+00
     59.893     7.7504    32.7079    25.5099 9.7680e-02      1.443    1479.68     50.782     4.8893 109.296359    6.74434     60.471     1.1957  33.878203  0.000e+00
     59.917     7.7505    32.7080    25.5100 8.5470e-02      1.509    1479.68     50.783     4.8894 109.296360    6.74433     60.496     1.1957  33.878325  0.000e+00
     59.929     7.7507    32.7077    25.5097 8.5470e-02      1.678    1479.68     50.849     4.8957 109.296360    6.74430     60.507     1.1957  33.878325  0.000e+00
     59.947     7.7511    32.7071    25.5092 9.7680e-02      1.758    1479.68     50.784     4.8894 109.296361    6.74426     60.526     1.1957  33.878081  0.000e+00
     59.965     7.7512    32.7071    25.5092 9.7680e-02      1.707    1479.68     50.784     4.8894 109.296361    6.74425     60.544     1.1957  33.878203  0.000e+00
     59.989     7.7514    32.7071    25.5091 9.7680e-02      1.626    1479.68     50.773     4.8883 109.296362    6.74422     60.568     1.1957  33.878325  0.000e+00
     60.002     7.7510    32.7072    25.5093 9.7680e-02      1.553    1479.68     50.849     4.8957 109.296362    6.74428     60.581     1.2263  33.878082  0.000e+00
     60.031     7.7510    32.7071    25.5092 9.7680e-02      1.502    1479.68     50.848     4.8956 109.296363    6.74428     60.611     1.1957  33.878021  0.000e+00
     60.038     7.7506    32.7075    25.5096 8.5470e-02      1.487    1479.68     50.780     4.8891 109.296363    6.74433     60.617     1.1957  33.878021  0.000e+00
     60.049     7.7508    32.7073    25.5094 8.5470e-02      1.480    1479.68     50.779     4.8889 109.296364    6.74431     60.629     1.1957  33.878021  0.000e+00
     60.085     7.7506    32.7075    25.5095 8.5470e-02      1.480    1479.68     50.777     4.8888 109.296364    6.74433     60.665     1.1957  33.878021  0.000e+00
     60.103     7.7506    32.7074    25.5095 8.5470e-02      1.487    1479.68     50.775     4.8886 109.296365    6.74433     60.683     1.1957  33.878021  0.000e+00
     60.109     7.7505    32.7078    25.5098 8.5470e-02      1.487    1479.68     50.850     4.8958 109.296365    6.74433     60.690     1.1957  33.878264  0.000e+00
     60.134     7.7506    32.7072    25.5094 8.5470e-02      1.495    1479.68     50.782     4.8893 109.296366    6.74434     60.714     1.1957  33.877839  0.000e+00
     60.158     7.7502    32.7076    25.5097 8.5470e-02      1.546    1479.68     50.780     4.8891 109.296366    6.74438     60.739     1.1957  33.877900  0.000e+00
     60.176     7.7501    32.7076    25.5097 8.5470e-02      1.553    1479.68     50.767     4.8879 109.296367    6.74440     60.757     1.1957  33.877778  0.000e+00
     60.182     7.7498    32.7076    25.5098 8.5470e-02      1.524    1479.68     50.841     4.8950 109.296367    6.74445     60.764     1.2263  33.877474  0.000e+00
     60.207     7.7498    32.7076    25.5098 9.7680e-02      1.502    1479.68     50.772     4.8884 109.296368    6.74444     60.788     1.1957  33.877596  0.000e+00
     60.218     7.7496    32.7078    25.5099 8.5470e-02      1.502    1479.68     50.769     4.8881 109.296368    6.74447     60.800     1.1957  33.877535  0.000e+00
     60.236     7.7495    32.7074    25.5097 8.5470e-02      1.487    1479.68     50.843     4.8952 109.296369    6.74450     60.818     1.1957  33.877110  0.000e+00
     60.267     7.7493    32.7078    25.5100 8.5470e-02      1.458    1479.68     50.850     4.8960 109.296369    6.74451     60.849     1.1957  33.877292  0.000e+00
     60.278     7.7490    32.7079    25.5101 8.5470e-02      1.473    1479.68     50.857     4.8966 109.296370    6.74456     60.861     1.1957  33.877110  0.000e+00
     60.290     7.7493    32.7078    25.5100 8.5470e-02      1.473    1479.68     50.863     4.8972 109.296370    6.74452     60.872     1.1957  33.877292  0.000e+00
     60.314     7.7495    32.7079    25.5101 8.5470e-02      1.458    1479.68     50.869     4.8978 109.296371    6.74447     60.897     1.1957  33.877657  0.000e+00
     60.332     7.7495    32.7078    25.5100 9.7680e-02      1.451    1479.68     50.875     4.8983 109.296371    6.74449     60.915     1.1957  33.877475  0.000e+00
     60.339     7.7495    32.7077    25.5099 8.5470e-02      1.502    1479.68     50.880     4.8988 109.296372    6.74449     60.921     1.1957  33.877414  0.000e+00
     60.363     7.7492    32.7077    25.5099 9.7680e-02      1.560    1479.68     50.884     4.8993 109.296372    6.74454     60.946     1.1957  33.877110  0.000e+00
     60.374     7.7495    32.7076    25.5098 9.7680e-02      1.560    1479.68     50.888     4.8996 109.296372    6.74450     60.957     1.1957  33.877292  0.000e+00
     60.387     7.7493    32.7076    25.5099 9.7680e-02      1.531    1479.68     50.892     4.9000 109.296373    6.74452     60.971     1.1957  33.877232  0.000e+00
