ctd/data/2024/seabird/Lysakerfj_BN1_B.cnv
* Sea-Bird SBE 9 Data File:
* FileName = C:\CTD Brukere\UiO Kurs\Geo kurs 2024\Lysakerfj_BN1_B.hex
* Software Version Seasave V 7.26.7.121
* Temperature SN = 5352
* Conductivity SN = 3840
* Number of Bytes Per Scan = 38
* Number of Voltage Words = 5
* Number of Scans Averaged by the Deck Unit = 1
* NMEA Latitude = 59 52.84 N
* NMEA Longitude = 010 38.77 E
* NMEA UTC (Time) = Apr 18 2024 08:58:18
* NMEA baud rate = 4800
** Ship: R/V Trygve Braarud
** Cruise:
** Station:
** Operator:
# nquan = 15
# nvalues = 4640                                  
# units = specified
# name 0 = depSM: Depth [salt water, m]
# name 1 = t090C: Temperature [ITS-90, deg C]
# name 2 = sal00: Salinity, Practical [PSU]
# name 3 = sigma-t00: Density [sigma-t, kg/m^3 ]
# name 4 = flSP: Fluorescence, Seapoint
# name 5 = seaTurbMtr: Turbidity, Seapoint [FTU]
# name 6 = svCM: Sound Velocity [Chen-Millero, m/s]
# name 7 = sbeox0PS: Oxygen, SBE 43 [% saturation]
# name 8 = sbeox0Mg/L: Oxygen, SBE 43 [mg/l]
# name 9 = timeJ: Julian Days
# name 10 = oxsatML/L: Oxygen Saturation, Weiss [ml/l]
# name 11 = prDM: Pressure, Digiquartz [db]
# name 12 = wetStar: Fluorescence, WET Labs WETstar [mg/m^3]
# name 13 = c0mS/cm: Conductivity [mS/cm]
# name 14 = flag:  0.000e+00
# span 0 =      0.229,     80.989                 
# span 1 =     3.9034,     7.8363                 
# span 2 =    20.2285,    32.7285                 
# span 3 =    15.8753,    25.5247                 
# span 4 = 0.0000e+00, 1.5751e+00                 
# span 5 =      0.938,      6.886                 
# span 6 =    1455.61,    1480.11                 
# span 7 =     44.319,     86.912                 
# span 8 =     4.6282,     9.4022                 
# span 9 = 109.374433, 109.376670                 
# span 10 =    6.73175,    7.69348                
# span 11 =      0.231,     81.775                
# span 12 =    -0.3000,     3.6988                
# span 13 =  21.052801,  33.944661                
# span 14 = 0.0000e+00, 0.0000e+00                
# interval = seconds: 0.0416667
# start_time = Apr 18 2024 08:59:11 [System UTC, first data scan.]
# bad_flag = -9.990e-29
*END*
[from data line 4531]
     80.928     7.7651    32.7279    25.5235 8.5470e-02      1.824    1480.10     50.409     4.8511 109.376618    6.74119     81.714     1.1957  33.918962  0.000e+00
     80.928     7.7653    32.7278    25.5234 8.5470e-02      1.817    1480.11     50.409     4.8511 109.376618    6.74117     81.714     1.1957  33.919023  0.000e+00
     80.940     7.7653    32.7275    25.5232 8.5470e-02      1.832    1480.10     50.409     4.8511 109.376619    6.74118     81.725     1.1957  33.918719  0.000e+00
     80.923     7.7654    32.7275    25.5232 8.5470e-02      1.846    1480.11     50.409     4.8510 109.376619    6.74115     81.709     1.1957  33.918901  0.000e+00
     80.940     7.7653    32.7278    25.5234 8.5470e-02      1.846    1480.11     50.409     4.8511 109.376620    6.74117     81.725     1.1652  33.919023  0.000e+00
     80.940     7.7653    32.7278    25.5234 8.5470e-02      1.832    1480.11     50.409     4.8511 109.376620    6.74117     81.725     1.1652  33.919023  0.000e+00
     80.928     7.7654    32.7276    25.5232 8.5470e-02      1.817    1480.11     50.409     4.8510 109.376621    6.74115     81.714     1.1652  33.918962  0.000e+00
     80.940     7.7653    32.7275    25.5232 8.5470e-02      1.788    1480.10     50.409     4.8511 109.376621    6.74118     81.725     1.1957  33.918780  0.000e+00
     80.928     7.7654    32.7275    25.5232 8.5470e-02      1.758    1480.11     50.409     4.8511 109.376622    6.74115     81.714     1.1957  33.918901  0.000e+00
     80.940     7.7654    32.7276    25.5232 8.5470e-02      1.722    1480.11     50.409     4.8511 109.376622    6.74115     81.725     1.2263  33.918962  0.000e+00
     80.923     7.7653    32.7277    25.5234 8.5470e-02      1.678    1480.10     50.409     4.8511 109.376623    6.74117     81.709     1.1957  33.918962  0.000e+00
     80.940     7.7654    32.7279    25.5235 8.5470e-02      1.648    1480.11     50.409     4.8510 109.376623    6.74114     81.725     1.1957  33.919266  0.000e+00
     80.928     7.7654    32.7279    25.5235 8.5470e-02      1.634    1480.11     50.409     4.8510 109.376624    6.74114     81.714     1.1957  33.919266  0.000e+00
     80.940     7.7654    32.7280    25.5235 8.5470e-02      1.619    1480.11     50.409     4.8510 109.376624    6.74113     81.725     1.1957  33.919327  0.000e+00
     80.928     7.7653    32.7276    25.5233 8.5470e-02      1.619    1480.10     50.409     4.8511 109.376625    6.74117     81.714     1.1957  33.918840  0.000e+00
     80.928     7.7653    32.7277    25.5233 8.5470e-02      1.619    1480.10     50.409     4.8511 109.376625    6.74117     81.714     1.1957  33.918901  0.000e+00
     80.936     7.7653    32.7275    25.5232 8.5470e-02      1.626    1480.10     50.409     4.8511 109.376626    6.74118     81.722     1.1957  33.918719  0.000e+00
     80.928     7.7656    32.7277    25.5233 8.5470e-02      1.626    1480.11     50.409     4.8510 109.376626    6.74112     81.714     1.1957  33.919205  0.000e+00
     80.928     7.7654    32.7280    25.5236 8.5470e-02      1.612    1480.11     50.409     4.8510 109.376627    6.74113     81.714     1.1957  33.919388  0.000e+00
     80.915     7.7654    32.7276    25.5233 8.5470e-02      1.604    1480.11     50.409     4.8510 109.376627    6.74115     81.701     1.1957  33.919023  0.000e+00
     80.928     7.7656    32.7272    25.5230 8.5470e-02      1.597    1480.11     50.409     4.8510 109.376628    6.74114     81.714     1.1957  33.918780  0.000e+00
     80.928     7.7654    32.7275    25.5232 8.5470e-02      1.612    1480.11     50.409     4.8511 109.376628    6.74115     81.714     1.1957  33.918901  0.000e+00
     80.901     7.7654    32.7279    25.5235 8.5470e-02      1.641    1480.11     50.408     4.8510 109.376629    6.74114     81.686     1.1957  33.919205  0.000e+00
     80.928     7.7656    32.7276    25.5232 8.5470e-02      1.678    1480.11     50.409     4.8510 109.376629    6.74113     81.714     1.1957  33.919084  0.000e+00
     80.915     7.7656    32.7275    25.5232 8.5470e-02      1.714    1480.11     50.485     4.8584 109.376630    6.74113     81.701     1.1957  33.919023  0.000e+00
     80.928     7.7656    32.7279    25.5235 8.5470e-02      1.722    1480.11     50.419     4.8520 109.376630    6.74111     81.714     1.1957  33.919388  0.000e+00
     80.904     7.7656    32.7279    25.5235 8.5470e-02      1.714    1480.11     50.495     4.8593 109.376630    6.74111     81.689     1.1957  33.919388  0.000e+00
     80.904     7.7656    32.7279    25.5235 8.5470e-02      1.700    1480.11     50.428     4.8529 109.376631    6.74111     81.689     1.1957  33.919388  0.000e+00
     80.915     7.7657    32.7278    25.5233 8.5470e-02      1.678    1480.11     50.427     4.8528 109.376631    6.74110     81.701     1.1957  33.919388  0.000e+00
     80.901     7.7659    32.7274    25.5231 9.7680e-02      1.678    1480.11     50.426     4.8527 109.376632    6.74108     81.686     1.1957  33.919266  0.000e+00
     80.904     7.7656    32.7278    25.5234 9.7680e-02      1.714    1480.11     50.426     4.8527 109.376632    6.74112     81.689     1.1957  33.919327  0.000e+00
     80.904     7.7659    32.7276    25.5232 9.7680e-02      1.758    1480.11     50.425     4.8525 109.376633    6.74107     81.689     1.1957  33.919388  0.000e+00
     80.904     7.7656    32.7280    25.5236 8.5470e-02      1.788    1480.11     50.424     4.8525 109.376633    6.74111     81.689     1.1652  33.919510  0.000e+00
     80.891     7.7656    32.7282    25.5237 8.5470e-02      1.773    1480.11     50.423     4.8524 109.376634    6.74110     81.676     1.1957  33.919631  0.000e+00
     80.904     7.7657    32.7273    25.5230 8.5470e-02      1.744    1480.11     50.499     4.8597 109.376634    6.74112     81.689     1.1957  33.918962  0.000e+00
     80.888     7.7657    32.7272    25.5229 8.5470e-02      1.707    1480.11     50.431     4.8532 109.376635    6.74112     81.673     1.1957  33.918901  0.000e+00
     80.904     7.7658    32.7276    25.5232 8.5470e-02      1.670    1480.11     50.430     4.8531 109.376635    6.74110     81.689     1.1957  33.919266  0.000e+00
     80.891     7.7656    32.7276    25.5232 8.5470e-02      1.641    1480.11     50.505     4.8603 109.376636    6.74113     81.676     1.1957  33.919084  0.000e+00
     80.879     7.7657    32.7274    25.5230 8.5470e-02      1.634    1480.11     50.514     4.8612 109.376636    6.74111     81.665     1.1957  33.919023  0.000e+00
     80.904     7.7656    32.7277    25.5233 9.7680e-02      1.634    1480.11     50.523     4.8620 109.376637    6.74112     81.689     1.1957  33.919205  0.000e+00
     80.879     7.7656    32.7273    25.5230 8.5470e-02      1.619    1480.10     50.531     4.8628 109.376637    6.74114     81.665     1.1957  33.918840  0.000e+00
     80.891     7.7656    32.7280    25.5235 8.5470e-02      1.604    1480.11     50.539     4.8636 109.376638    6.74111     81.676     1.1957  33.919449  0.000e+00
     80.888     7.7654    32.7278    25.5234 8.5470e-02      1.597    1480.10     50.546     4.8643 109.376638    6.74114     81.673     1.1957  33.919145  0.000e+00
     80.891     7.7654    32.7276    25.5233 8.5470e-02      1.597    1480.10     50.553     4.8649 109.376639    6.74115     81.676     1.1957  33.918962  0.000e+00
     80.879     7.7656    32.7275    25.5232 8.5470e-02      1.692    1480.11     50.482     4.8581 109.376639    6.74113     81.665     1.1957  33.919023  0.000e+00
     80.891     7.7656    32.7275    25.5231 8.5470e-02      1.927    1480.11     50.555     4.8651 109.376640    6.74113     81.676     1.1957  33.918962  0.000e+00
     80.879     7.7653    32.7277    25.5234 9.7680e-02      2.154    1480.10     50.560     4.8657 109.376640    6.74117     81.665     1.1957  33.918962  0.000e+00
     80.891     7.7654    32.7274    25.5231 9.7680e-02      2.256    1480.10     50.566     4.8662 109.376641    6.74116     81.676     1.1652  33.918779  0.000e+00
     80.888     7.7656    32.7277    25.5233 8.5470e-02      2.242    1480.11     50.571     4.8666 109.376641    6.74112     81.673     1.1652  33.919205  0.000e+00
     80.891     7.7654    32.7279    25.5235 9.7680e-02      2.183    1480.11     50.575     4.8671 109.376642    6.74114     81.676     1.1957  33.919266  0.000e+00
     80.891     7.7654    32.7280    25.5236 9.7680e-02      2.103    1480.11     50.503     4.8601 109.376642    6.74113     81.676     1.1957  33.919327  0.000e+00
     80.879     7.7656    32.7276    25.5232 9.7680e-02      2.059    1480.11     50.496     4.8594 109.376643    6.74113     81.665     1.1957  33.919084  0.000e+00
     80.891     7.7657    32.7278    25.5233 8.5470e-02      2.059    1480.11     50.489     4.8588 109.376643    6.74110     81.676     1.1652  33.919388  0.000e+00
     80.891     7.7656    32.7284    25.5239 8.5470e-02      2.081    1480.11     50.482     4.8581 109.376644    6.74109     81.676     1.1957  33.919875  0.000e+00
     80.888     7.7656    32.7283    25.5238 8.5470e-02      2.081    1480.11     50.476     4.8575 109.376644    6.74110     81.673     1.1957  33.919753  0.000e+00
     80.891     7.7657    32.7277    25.5233 8.5470e-02      2.073    1480.11     50.546     4.8642 109.376644    6.74110     81.676     1.1957  33.919327  0.000e+00
     80.904     7.7658    32.7279    25.5235 8.5470e-02      2.037    1480.11     50.549     4.8645 109.376645    6.74108     81.689     1.1957  33.919570  0.000e+00
     80.891     7.7656    32.7280    25.5235 8.5470e-02      1.993    1480.11     50.552     4.8649 109.376645    6.74111     81.676     1.1957  33.919449  0.000e+00
     80.891     7.7661    32.7276    25.5231 8.5470e-02      1.934    1480.11     50.478     4.8577 109.376646    6.74105     81.676     1.1957  33.919509  0.000e+00
     80.904     7.7659    32.7278    25.5234 8.5470e-02      1.875    1480.11     50.470     4.8569 109.376646    6.74106     81.689     1.1957  33.919631  0.000e+00
     80.863     7.7661    32.7275    25.5231 8.5470e-02      1.817    1480.11     50.539     4.8635 109.376647    6.74105     81.648     1.1957  33.919449  0.000e+00
     80.940     7.7659    32.7280    25.5235 8.5470e-02      1.780    1480.11     50.465     4.8564 109.376647    6.74105     81.725     1.1957  33.919814  0.000e+00
     80.891     7.7658    32.7280    25.5235 8.5470e-02      1.758    1480.11     50.533     4.8629 109.376648    6.74108     81.676     1.1957  33.919631  0.000e+00
     80.915     7.7657    32.7283    25.5237 8.5470e-02      1.729    1480.11     50.458     4.8557 109.376648    6.74107     81.701     1.1957  33.919875  0.000e+00
     80.891     7.7661    32.7278    25.5233 8.5470e-02      1.692    1480.11     50.449     4.8548 109.376649    6.74104     81.676     1.1957  33.919753  0.000e+00
     80.915     7.7658    32.7282    25.5237 8.5470e-02      1.656    1480.11     50.440     4.8540 109.376649    6.74107     81.701     1.1957  33.919814  0.000e+00
     80.904     7.7659    32.7274    25.5230 8.5470e-02      1.619    1480.11     50.431     4.8531 109.376650    6.74108     81.689     1.1652  33.919205  0.000e+00
     80.912     7.7659    32.7274    25.5231 8.5470e-02      1.604    1480.11     50.422     4.8522 109.376650    6.74108     81.697     1.1652  33.919266  0.000e+00
     80.904     7.7659    32.7277    25.5233 8.5470e-02      1.604    1480.11     50.413     4.8514 109.376651    6.74107     81.689     1.1957  33.919510  0.000e+00
     80.915     7.7658    32.7277    25.5233 8.5470e-02      1.612    1480.11     50.480     4.8579 109.376651    6.74109     81.701     1.1957  33.919388  0.000e+00
     80.915     7.7657    32.7274    25.5231 8.5470e-02      1.604    1480.11     50.405     4.8507 109.376652    6.74111     81.701     1.1957  33.919084  0.000e+00
     80.904     7.7661    32.7278    25.5233 8.5470e-02      1.597    1480.11     50.395     4.8497 109.376652    6.74104     81.689     1.1652  33.919753  0.000e+00
     80.915     7.7659    32.7276    25.5232 8.5470e-02      1.590    1480.11     50.386     4.8488 109.376653    6.74107     81.701     1.1652  33.919449  0.000e+00
     80.912     7.7659    32.7275    25.5231 8.5470e-02      1.582    1480.11     50.388     4.8490 109.376653    6.74108     81.697     1.1652  33.919327  0.000e+00
     80.915     7.7659    32.7278    25.5233 8.5470e-02      1.568    1480.11     50.379     4.8481 109.376654    6.74107     81.701     1.1652  33.919570  0.000e+00
     80.915     7.7658    32.7279    25.5234 8.5470e-02      1.560    1480.11     50.381     4.8483 109.376654    6.74108     81.701     1.1652  33.919570  0.000e+00
     80.904     7.7659    32.7276    25.5232 8.5470e-02      1.568    1480.11     50.372     4.8475 109.376655    6.74107     81.689     1.1652  33.919388  0.000e+00
     80.915     7.7659    32.7276    25.5232 8.5470e-02      1.575    1480.11     50.364     4.8467 109.376655    6.74107     81.701     1.1652  33.919388  0.000e+00
     80.928     7.7658    32.7278    25.5234 8.5470e-02      1.575    1480.11     50.355     4.8459 109.376656    6.74109     81.714     1.1957  33.919510  0.000e+00
     80.904     7.7659    32.7276    25.5232 8.5470e-02      1.575    1480.11     50.347     4.8450 109.376656    6.74107     81.689     1.1957  33.919388  0.000e+00
     80.923     7.7657    32.7278    25.5233 8.5470e-02      1.575    1480.11     50.338     4.8442 109.376657    6.74110     81.709     1.1652  33.919388  0.000e+00
     80.904     7.7657    32.7279    25.5234 8.5470e-02      1.590    1480.11     50.329     4.8434 109.376657    6.74109     81.689     1.1652  33.919510  0.000e+00
     80.928     7.7656    32.7279    25.5235 9.7680e-02      1.619    1480.11     50.321     4.8426 109.376658    6.74111     81.714     1.1652  33.919388  0.000e+00
     80.904     7.7656    32.7279    25.5235 8.5470e-02      1.641    1480.11     50.324     4.8428 109.376658    6.74111     81.689     1.1652  33.919388  0.000e+00
     80.915     7.7657    32.7274    25.5231 8.5470e-02      1.663    1480.11     50.316     4.8421 109.376658    6.74111     81.701     1.1652  33.919084  0.000e+00
     80.915     7.7658    32.7275    25.5231 1.0989e-01      1.692    1480.11     50.307     4.8413 109.376659    6.74110     81.701     1.1957  33.919205  0.000e+00
     80.923     7.7657    32.7277    25.5233 1.5873e-01      1.700    1480.11     50.311     4.8416 109.376659    6.74110     81.709     1.1652  33.919327  0.000e+00
     80.904     7.7654    32.7280    25.5236 1.8315e-01      1.678    1480.11     50.314     4.8419 109.376660    6.74113     81.689     1.1652  33.919388  0.000e+00
     80.915     7.7656    32.7280    25.5236 1.5873e-01      1.656    1480.11     50.318     4.8423 109.376660    6.74111     81.701     1.1957  33.919510  0.000e+00
     80.915     7.7656    32.7282    25.5237 1.3431e-01      1.634    1480.11     50.323     4.8428 109.376661    6.74110     81.701     1.1957  33.919631  0.000e+00
     80.904     7.7656    32.7280    25.5235 1.3431e-01      1.619    1480.11     50.328     4.8432 109.376661    6.74111     81.689     1.1957  33.919449  0.000e+00
     80.904     7.7656    32.7278    25.5234 1.0989e-01      1.619    1480.11     50.333     4.8438 109.376662    6.74112     81.689     1.1957  33.919266  0.000e+00
     80.915     7.7657    32.7280    25.5235 1.0989e-01      1.626    1480.11     50.339     4.8443 109.376662    6.74109     81.701     1.1957  33.919570  0.000e+00
     80.912     7.7656    32.7280    25.5235 9.7680e-02      1.641    1480.11     50.334     4.8438 109.376663    6.74111     81.697     1.1957  33.919449  0.000e+00
     80.904     7.7654    32.7282    25.5238 9.7680e-02      1.648    1480.11     50.340     4.8445 109.376663    6.74112     81.689     1.1957  33.919570  0.000e+00
