ctd/data/2024/seabird/Lysakerfj_BN1.cnv
* Sea-Bird SBE 9 Data File:
* FileName = C:\CTD Brukere\UiO Kurs\Geo kurs 2024\Lysakerfj_BN1.hex
* Software Version Seasave V 7.26.7.121
* Temperature SN = 5352
* Conductivity SN = 3840
* Number of Bytes Per Scan = 38
* Number of Voltage Words = 5
* Number of Scans Averaged by the Deck Unit = 1
* NMEA Latitude = 59 52.83 N
* NMEA Longitude = 010 38.82 E
* NMEA UTC (Time) = Apr 18 2024 07:02:57
* NMEA baud rate = 4800
** Ship: R/V Trygve Braarud
** Cruise:
** Station:
** Operator:
# nquan = 15
# nvalues = 5260                                  
# units = specified
# name 0 = depSM: Depth [salt water, m]
# name 1 = t090C: Temperature [ITS-90, deg C]
# name 2 = sal00: Salinity, Practical [PSU]
# name 3 = sigma-t00: Density [sigma-t, kg/m^3 ]
# name 4 = flSP: Fluorescence, Seapoint
# name 5 = seaTurbMtr: Turbidity, Seapoint [FTU]
# name 6 = svCM: Sound Velocity [Chen-Millero, m/s]
# name 7 = sbeox0PS: Oxygen, SBE 43 [% saturation]
# name 8 = sbeox0Mg/L: Oxygen, SBE 43 [mg/l]
# name 9 = timeJ: Julian Days
# name 10 = oxsatML/L: Oxygen Saturation, Weiss [ml/l]
# name 11 = prDM: Pressure, Digiquartz [db]
# name 12 = wetStar: Fluorescence, WET Labs WETstar [mg/m^3]
# name 13 = c0mS/cm: Conductivity [mS/cm]
# name 14 = flag:  0.000e+00
# span 0 =      0.244,     76.039                 
# span 1 =     4.1228,     7.8379                 
# span 2 =    19.3256,    32.7315                 
# span 3 =    15.2611,    25.5275                 
# span 4 = 7.3260e-02, 2.0879e+00                 
# span 5 =      0.974,      5.495                 
# span 6 =    1451.55,    1480.00                 
# span 7 =     48.205,     86.993                 
# span 8 =     4.6343,     9.5097                 
# span 9 = 109.294329, 109.296865                 
# span 10 =    6.73163,    7.82677                
# span 11 =      0.246,     76.776                
# span 12 =     1.1652,     4.4619                
# span 13 =  19.580529,  33.930951                
# span 14 = 0.0000e+00, 0.0000e+00                
# interval = seconds: 0.0416667
# start_time = Apr 18 2024 07:03:50 [System UTC, first data scan.]
# bad_flag = -9.990e-29
*END*
[from data line 3085]
     42.187     7.7151    32.6152    25.4421 9.7680e-02      1.355    1479.13     51.013     4.9184 109.295816    6.75387     42.593     1.2263  33.753029  0.000e+00
     42.210     7.7194    32.6152    25.4415 9.7680e-02      1.341    1479.15     51.000     4.9167 109.295817    6.75319     42.616     1.2263  33.756854  0.000e+00
     42.223     7.7223    32.6172    25.4427 9.7680e-02      1.333    1479.16     50.988     4.9152 109.295817    6.75266     42.629     1.2263  33.761226  0.000e+00
     42.235     7.7273    32.6176    25.4423 9.7680e-02      1.341    1479.18     50.910     4.9071 109.295818    6.75186     42.641     1.2263  33.766023  0.000e+00
     42.248     7.7309    32.6216    25.4449 8.5470e-02      1.348    1479.20     50.899     4.9055 109.295818    6.75113     42.654     1.2263  33.772886  0.000e+00
     42.270     7.7338    32.6274    25.4491 8.5470e-02      1.348    1479.22     50.889     4.9040 109.295819    6.75042     42.677     1.2263  33.780843  0.000e+00
     42.295     7.7370    32.6316    25.4519 8.5470e-02      1.348    1479.24     50.869     4.9016 109.295819    6.74975     42.701     1.2263  33.787525  0.000e+00
     42.308     7.7398    32.6345    25.4538 9.7680e-02      1.377    1479.25     50.849     4.8993 109.295820    6.74918     42.714     1.2263  33.792749  0.000e+00
     42.319     7.7443    32.6338    25.4526 8.5470e-02      1.414    1479.27     50.753     4.8896 109.295820    6.74851     42.726     1.2263  33.796029  0.000e+00
     42.330     7.7472    32.6319    25.4507 8.5470e-02      1.421    1479.28     50.724     4.8865 109.295821    6.74814     42.737     1.2263  33.796758  0.000e+00
     42.355     7.7493    32.6337    25.4518 8.5470e-02      1.414    1479.29     50.696     4.8835 109.295821    6.74775     42.762     1.2263  33.800221  0.000e+00
     42.379     7.7510    32.6360    25.4533 8.5470e-02      1.407    1479.30     50.669     4.8806 109.295822    6.74738     42.786     1.2263  33.803866  0.000e+00
     42.379     7.7526    32.6345    25.4520 9.7680e-02      1.399    1479.30     50.642     4.8779 109.295822    6.74719     42.786     1.2263  33.803987  0.000e+00
     42.403     7.7522    32.6327    25.4506 8.5470e-02      1.370    1479.30     50.541     4.8682 109.295823    6.74734     42.811     1.2263  33.801922  0.000e+00
     42.415     7.7540    32.6342    25.4515 8.5470e-02      1.355    1479.31     50.506     4.8646 109.295823    6.74699     42.823     1.2263  33.804838  0.000e+00
     42.439     7.7596    32.6381    25.4538 8.5470e-02      1.370    1479.33     50.483     4.8617 109.295824    6.74594     42.847     1.2263  33.813527  0.000e+00
     42.451     7.7657    32.6414    25.4555 8.5470e-02      1.458    1479.36     50.451     4.8578 109.295824    6.74486     42.859     1.2568  33.821851  0.000e+00
     42.464     7.7696    32.6449    25.4577 8.5470e-02      1.509    1479.38     50.432     4.8554 109.295825    6.74410     42.872     1.2263  33.828597  0.000e+00
     42.488     7.7744    32.6466    25.4584 8.5470e-02      1.495    1479.40     50.338     4.8458 109.295825    6.74328     42.896     1.2263  33.834370  0.000e+00
     42.499     7.7761    32.6462    25.4578 8.5470e-02      1.465    1479.41     50.312     4.8431 109.295826    6.74303     42.908     1.2263  33.835464  0.000e+00
     42.511     7.7765    32.6460    25.4576 8.5470e-02      1.443    1479.41     50.288     4.8408 109.295826    6.74298     42.919     1.2568  33.835647  0.000e+00
     42.524     7.7732    32.6420    25.4549 8.5470e-02      1.443    1479.39     50.267     4.8393 109.295827    6.74366     42.932     1.2568  33.829022  0.000e+00
     42.548     7.7629    32.6345    25.4505 8.5470e-02      1.443    1479.34     50.249     4.8389 109.295827    6.74560     42.957     1.2568  33.812980  0.000e+00
     42.559     7.7514    32.6328    25.4508 8.5470e-02      1.429    1479.30     50.157     4.8313 109.295828    6.74745     42.968     1.2568  33.801436  0.000e+00
     42.571     7.7507    32.6319    25.4502 8.5470e-02      1.436    1479.30     50.132     4.8291 109.295828    6.74760     42.980     1.2568  33.799918  0.000e+00
     42.595     7.7478    32.6298    25.4489 8.5470e-02      1.421    1479.28     50.110     4.8273 109.295829    6.74813     43.005     1.2263  33.795483  0.000e+00
     42.595     7.7382    32.6225    25.4446 8.5470e-02      1.392    1479.24     50.091     4.8268 109.295829    6.74995     43.005     1.2263  33.780297  0.000e+00
     42.619     7.7296    32.6140    25.4391 9.7680e-02      1.370    1479.19     50.075     4.8265 109.295829    6.75166     43.029     1.2263  33.764810  0.000e+00
     42.631     7.7227    32.6020    25.4307 8.5470e-02      1.370    1479.15     50.061     4.8263 109.295830    6.75326     43.041     1.2568  33.747564  0.000e+00
     42.655     7.7057    32.5945    25.4272 9.7680e-02      1.355    1479.08     49.975     4.8200 109.295830    6.75623     43.065     1.2568  33.725770  0.000e+00
     42.655     7.6886    32.5859    25.4228 9.7680e-02      1.341    1479.00     49.957     4.8205 109.295831    6.75927     43.065     1.2568  33.702768  0.000e+00
     42.680     7.6745    32.5873    25.4259 9.7680e-02      1.333    1478.95     49.942     4.8205 109.295831    6.76140     43.090     1.2263  33.691846  0.000e+00
     42.691     7.6731    32.5899    25.4281 9.7680e-02      1.348    1478.95     49.930     4.8194 109.295832    6.76150     43.101     1.2568  33.693060  0.000e+00
     42.715     7.6717    32.5930    25.4309 8.5470e-02      1.421    1478.95     49.920     4.8185 109.295832    6.76159     43.126     1.2568  33.694759  0.000e+00
     42.715     7.6674    32.5934    25.4317 8.5470e-02      1.524    1478.93     49.837     4.8110 109.295833    6.76225     43.126     1.2568  33.691301  0.000e+00
     42.740     7.6616    32.5913    25.4309 8.5470e-02      1.524    1478.91     49.824     4.8104 109.295833    6.76324     43.151     1.2568  33.684323  0.000e+00
     42.740     7.6556    32.5929    25.4330 8.5470e-02      1.487    1478.89     49.738     4.8027 109.295834    6.76410     43.151     1.2568  33.680562  0.000e+00
     42.788     7.6629    32.6059    25.4422 8.5470e-02      1.451    1478.93     49.797     4.8072 109.295834    6.76240     43.200     1.2568  33.699069  0.000e+00
     42.775     7.6868    32.6124    25.4439 8.5470e-02      1.429    1479.03     49.716     4.7966 109.295835    6.75839     43.187     1.2568  33.726015  0.000e+00
     42.800     7.7041    32.6078    25.4379 9.7680e-02      1.429    1479.09     49.694     4.7927 109.295835    6.75590     43.211     1.2568  33.736820  0.000e+00
     42.811     7.7017    32.6047    25.4358 8.5470e-02      1.429    1479.08     49.678     4.7915 109.295836    6.75640     43.223     1.2263  33.731903  0.000e+00
     42.811     7.6950    32.6024    25.4349 8.5470e-02      1.399    1479.05     49.665     4.7910 109.295836    6.75755     43.223     1.2263  33.723890  0.000e+00
     42.835     7.6874    32.6093    25.4414 8.5470e-02      1.363    1479.03     49.579     4.7834 109.295837    6.75842     43.247     1.2568  33.723769  0.000e+00
     42.860     7.6857    32.6189    25.4492 8.5470e-02      1.341    1479.04     49.574     4.7828 109.295837    6.75827     43.272     1.2568  33.731176  0.000e+00
     42.860     7.6853    32.6225    25.4521 8.5470e-02      1.333    1479.04     49.562     4.7815 109.295838    6.75817     43.272     1.2568  33.734212  0.000e+00
     42.884     7.6789    32.6150    25.4471 8.5470e-02      1.326    1479.00     49.555     4.7818 109.295838    6.75951     43.296     1.2568  33.721585  0.000e+00
     42.896     7.6714    32.6090    25.4434 8.5470e-02      1.348    1478.97     49.551     4.7824 109.295839    6.76094     43.308     1.2568  33.709446  0.000e+00
     42.908     7.6759    32.6076    25.4417 8.5470e-02      1.355    1478.98     49.475     4.7746 109.295839    6.76030     43.321     1.2568  33.712056  0.000e+00
     42.920     7.6770    32.6073    25.4413 8.5470e-02      1.348    1478.99     49.545     4.7812 109.295840    6.76015     43.333     1.2568  33.712723  0.000e+00
     42.931     7.6755    32.6070    25.4413 8.5470e-02      1.341    1478.98     49.477     4.7749 109.295840    6.76038     43.344     1.2568  33.711267  0.000e+00
     42.956     7.6779    32.6071    25.4410 8.5470e-02      1.341    1478.99     49.479     4.7748 109.295841    6.76001     43.369     1.2263  33.713391  0.000e+00
     42.956     7.6789    32.6104    25.4435 8.5470e-02      1.341    1479.00     49.486     4.7753 109.295841    6.75970     43.369     1.2568  33.717336  0.000e+00
     42.980     7.6813    32.6178    25.4489 8.5470e-02      1.341    1479.02     49.410     4.7674 109.295842    6.75901     43.393     1.2568  33.726320  0.000e+00
     43.004     7.6883    32.6260    25.4544 8.5470e-02      1.341    1479.06     49.479     4.7731 109.295842    6.75757     43.418     1.2568  33.740040  0.000e+00
     42.991     7.7017    32.6222    25.4495 9.7680e-02      1.348    1479.10     49.410     4.7652 109.295842    6.75564     43.405     1.2568  33.748296  0.000e+00
     42.991     7.7084    32.6208    25.4475 8.5470e-02      1.333    1479.13     49.489     4.7720 109.295843    6.75466     43.405     1.2263  33.752789  0.000e+00
     43.071     7.7136    32.6260    25.4508 8.5470e-02      1.333    1479.15     49.429     4.7656 109.295843    6.75362     43.485     1.2568  33.762262  0.000e+00
     43.040     7.7207    32.6303    25.4532 8.5470e-02      1.341    1479.19     49.428     4.7646 109.295844    6.75233     43.454     1.2568  33.772465  0.000e+00
     43.064     7.7283    32.6343    25.4552 8.5470e-02      1.348    1479.22     49.431     4.7639 109.295844    6.75098     43.478     1.2568  33.782790  0.000e+00
     43.076     7.7368    32.6279    25.4490 9.7680e-02      1.341    1479.25     49.439     4.7639 109.295845    6.74993     43.490     1.2263  33.784308  0.000e+00
     43.100     7.7398    32.6194    25.4419 9.7680e-02      1.326    1479.25     49.374     4.7576 109.295845    6.74983     43.515     1.2568  33.779023  0.000e+00
     43.100     7.7392    32.6116    25.4359 9.7680e-02      1.348    1479.23     49.379     4.7584 109.295846    6.75027     43.515     1.2263  33.771187  0.000e+00
     43.124     7.7347    32.6064    25.4324 9.7680e-02      1.370    1479.21     49.378     4.7590 109.295846    6.75119     43.539     1.2568  33.762442  0.000e+00
     43.136     7.7267    32.6031    25.4310 9.7680e-02      1.348    1479.18     49.382     4.7603 109.295847    6.75259     43.551     1.2568  33.752362  0.000e+00
     43.160     7.7156    32.6026    25.4321 1.5873e-01      1.333    1479.13     49.389     4.7622 109.295847    6.75434     43.575     1.2263  33.742163  0.000e+00
     43.160     7.7048    32.5993    25.4311 1.7094e-01      1.326    1479.09     49.401     4.7646 109.295848    6.75616     43.575     1.2568  33.729718  0.000e+00
     43.185     7.6939    32.6008    25.4338 1.5873e-01      1.341    1479.05     49.416     4.7673 109.295848    6.75779     43.600     1.2568  33.721524  0.000e+00
     43.196     7.6902    32.6021    25.4354 1.3431e-01      1.341    1479.04     49.424     4.7684 109.295849    6.75831     43.611     1.2263  33.719582  0.000e+00
     43.207     7.6896    32.5996    25.4335 1.2210e-01      1.355    1479.03     49.359     4.7623 109.295849    6.75852     43.623     1.2568  33.716668  0.000e+00
     43.232     7.6858    32.6003    25.4346 1.0989e-01      1.385    1479.02     49.364     4.7631 109.295850    6.75906     43.647     1.2263  33.714120  0.000e+00
     43.245     7.6852    32.5979    25.4328 1.0989e-01      1.392    1479.01     49.373     4.7641 109.295850    6.75926     43.660     1.2568  33.711388  0.000e+00
     43.263     7.6853    32.6036    25.4372 1.0989e-01      1.399    1479.02     49.386     4.7651 109.295851    6.75900     43.679     1.2263  33.716790  0.000e+00
     43.280     7.6885    32.6236    25.4525 1.0989e-01      1.399    1479.06     49.391     4.7647 109.295851    6.75764     43.697     1.2263  33.738159  0.000e+00
     43.305     7.6971    32.6417    25.4655 1.0989e-01      1.399    1479.11     49.399     4.7640 109.295852    6.75551     43.721     1.2568  33.762568  0.000e+00
     43.305     7.7143    32.6547    25.4733 1.0989e-01      1.392    1479.20     49.411     4.7628 109.295852    6.75227     43.721     1.2568  33.789717  0.000e+00
     43.327     7.7398    32.6561    25.4707 9.7680e-02      1.377    1479.30     49.349     4.7540 109.295853    6.74824     43.744     1.2568  33.813349  0.000e+00
     43.352     7.7558    32.6557    25.4681 9.7680e-02      1.377    1479.36     49.357     4.7531 109.295853    6.74577     43.769     1.2568  33.826960  0.000e+00
     43.365     7.7693    32.6558    25.4663 9.7680e-02      1.385    1479.41     49.370     4.7529 109.295854    6.74368     43.782     1.2568  33.838811  0.000e+00
     43.388     7.7870    32.6569    25.4646 9.7680e-02      1.399    1479.48     49.375     4.7514 109.295854    6.74088     43.805     1.2568  33.855344  0.000e+00
     43.388     7.7961    32.6605    25.4662 9.7680e-02      1.407    1479.52     49.384     4.7512 109.295855    6.73931     43.805     1.2568  33.866712  0.000e+00
     43.412     7.8012    32.6604    25.4654 9.7680e-02      1.407    1479.54     49.321     4.7446 109.295855    6.73852     43.829     1.2263  33.871150  0.000e+00
     43.436     7.8038    32.6560    25.4615 9.7680e-02      1.385    1479.54     49.327     4.7451 109.295856    6.73831     43.854     1.2263  33.869265  0.000e+00
     43.448     7.8020    32.6491    25.4564 9.7680e-02      1.363    1479.53     49.338     4.7465 109.295856    6.73890     43.865     1.2263  33.861240  0.000e+00
     43.490     7.7974    32.6469    25.4553 8.5470e-02      1.355    1479.51     49.342     4.7475 109.295856    6.73970     43.908     1.2263  33.855161  0.000e+00
     43.485     7.7960    32.6456    25.4545 9.7680e-02      1.363    1479.50     49.350     4.7484 109.295857    6.73998     43.903     1.2263  33.852729  0.000e+00
     43.508     7.7939    32.6464    25.4554 8.5470e-02      1.355    1479.49     49.349     4.7486 109.295857    6.74027     43.926     1.2263  33.851635  0.000e+00
     43.521     7.7915    32.6499    25.4585 8.5470e-02      1.348    1479.49     49.363     4.7501 109.295858    6.74049     43.939     1.2568  33.852851  0.000e+00
     43.545     7.7931    32.6545    25.4619 8.5470e-02      1.333    1479.50     49.370     4.7504 109.295858    6.74004     43.964     1.2263  33.858505  0.000e+00
     43.556     7.7992    32.6549    25.4613 8.5470e-02      1.319    1479.53     49.302     4.7432 109.295859    6.73908     43.975     1.2263  33.864220  0.000e+00
     43.581     7.8027    32.6543    25.4603 8.5470e-02      1.355    1479.54     49.381     4.7504 109.295859    6.73856     44.000     1.2263  33.866712  0.000e+00
     43.592     7.8036    32.6521    25.4585 9.7680e-02      1.392    1479.54     49.321     4.7446 109.295860    6.73851     44.011     1.2568  33.865496  0.000e+00
     43.617     7.8020    32.6518    25.4585 9.7680e-02      1.407    1479.53     49.319     4.7446 109.295860    6.73877     44.036     1.2568  33.863855  0.000e+00
     43.623     7.8017    32.6534    25.4598 9.7680e-02      1.392    1479.53     49.320     4.7446 109.295861    6.73876     44.043     1.2568  33.865071  0.000e+00
     43.652     7.8025    32.6542    25.4603 9.7680e-02      1.392    1479.54     49.324     4.7449 109.295861    6.73859     44.072     1.2263  33.866530  0.000e+00
     43.665     7.8054    32.6546    25.4602 8.5470e-02      1.392    1479.55     49.331     4.7453 109.295862    6.73813     44.085     1.2568  33.869448  0.000e+00
