ctd/data/2024/seabird/Lysakerfj_BN1.cnv
* Sea-Bird SBE 9 Data File:
* FileName = C:\CTD Brukere\UiO Kurs\Geo kurs 2024\Lysakerfj_BN1.hex
* Software Version Seasave V 7.26.7.121
* Temperature SN = 5352
* Conductivity SN = 3840
* Number of Bytes Per Scan = 38
* Number of Voltage Words = 5
* Number of Scans Averaged by the Deck Unit = 1
* NMEA Latitude = 59 52.83 N
* NMEA Longitude = 010 38.82 E
* NMEA UTC (Time) = Apr 18 2024 07:02:57
* NMEA baud rate = 4800
** Ship: R/V Trygve Braarud
** Cruise:
** Station:
** Operator:
# nquan = 15
# nvalues = 5260                                  
# units = specified
# name 0 = depSM: Depth [salt water, m]
# name 1 = t090C: Temperature [ITS-90, deg C]
# name 2 = sal00: Salinity, Practical [PSU]
# name 3 = sigma-t00: Density [sigma-t, kg/m^3 ]
# name 4 = flSP: Fluorescence, Seapoint
# name 5 = seaTurbMtr: Turbidity, Seapoint [FTU]
# name 6 = svCM: Sound Velocity [Chen-Millero, m/s]
# name 7 = sbeox0PS: Oxygen, SBE 43 [% saturation]
# name 8 = sbeox0Mg/L: Oxygen, SBE 43 [mg/l]
# name 9 = timeJ: Julian Days
# name 10 = oxsatML/L: Oxygen Saturation, Weiss [ml/l]
# name 11 = prDM: Pressure, Digiquartz [db]
# name 12 = wetStar: Fluorescence, WET Labs WETstar [mg/m^3]
# name 13 = c0mS/cm: Conductivity [mS/cm]
# name 14 = flag:  0.000e+00
# span 0 =      0.244,     76.039                 
# span 1 =     4.1228,     7.8379                 
# span 2 =    19.3256,    32.7315                 
# span 3 =    15.2611,    25.5275                 
# span 4 = 7.3260e-02, 2.0879e+00                 
# span 5 =      0.974,      5.495                 
# span 6 =    1451.55,    1480.00                 
# span 7 =     48.205,     86.993                 
# span 8 =     4.6343,     9.5097                 
# span 9 = 109.294329, 109.296865                 
# span 10 =    6.73163,    7.82677                
# span 11 =      0.246,     76.776                
# span 12 =     1.1652,     4.4619                
# span 13 =  19.580529,  33.930951                
# span 14 = 0.0000e+00, 0.0000e+00                
# interval = seconds: 0.0416667
# start_time = Apr 18 2024 07:03:50 [System UTC, first data scan.]
# bad_flag = -9.990e-29
*END*
[from data line 386]
      0.328     5.6859    20.5012    16.1467 1.0867e+00      1.546    1455.20     85.724     9.3890 109.294515    7.66863      0.331     3.8819  20.960642  0.000e+00
      0.341     5.6861    20.5015    16.1470 1.0989e+00      1.509    1455.20     85.719     9.3885 109.294515    7.66858      0.344     3.8819  20.961051  0.000e+00
      0.330     5.6838    20.5012    16.1469 1.1477e+00      1.473    1455.19     85.713     9.3882 109.294516    7.66902      0.333     3.8819  20.959466  0.000e+00
      0.330     5.6823    20.4976    16.1442 1.2576e+00      1.458    1455.18     85.715     9.3891 109.294516    7.66949      0.333     3.9125  20.955172  0.000e+00
      0.341     5.6811    20.4924    16.1401 1.2821e+00      1.465    1455.17     85.715     9.3897 109.294517    7.66997      0.344     3.9125  20.949651  0.000e+00
      0.328     5.6794    20.4860    16.1353 1.1233e+00      1.487    1455.15     85.712     9.3902 109.294517    7.67061      0.331     3.8819  20.942699  0.000e+00
      0.341     5.6755    20.4829    16.1332 1.0012e+00      1.509    1455.13     85.708     9.3908 109.294518    7.67151      0.344     3.8819  20.937588  0.000e+00
      0.330     5.6726    20.4801    16.1312 1.0256e+00      1.524    1455.12     85.701     9.3908 109.294518    7.67218      0.333     3.8819  20.933346  0.000e+00
      0.330     5.6674    20.4756    16.1281 1.0256e+00      1.524    1455.09     85.692     9.3913 109.294519    7.67339      0.333     3.9125  20.926141  0.000e+00
      0.328     5.6617    20.4642    16.1196 9.4017e-01      1.524    1455.05     85.681     9.3921 109.294519    7.67504      0.331     3.8819  20.912244  0.000e+00
      0.330     5.6600    20.4492    16.1079 8.3028e-01      1.524    1455.03     85.821     9.4088 109.294520    7.67612      0.333     3.9125  20.897226  0.000e+00
      0.330     5.6552    20.4427    16.1033 7.5702e-01      1.524    1455.00     85.762     9.4038 109.294520    7.67734      0.333     3.9125  20.888493  0.000e+00
      0.330     5.6554    20.4426    16.1032 7.3260e-01      1.524    1455.00     85.765     9.4041 109.294521    7.67732      0.333     3.9430  20.888493  0.000e+00
      0.317     5.6584    20.4410    16.1016 7.4481e-01      1.524    1455.01     85.842     9.4119 109.294521    7.67683      0.320     3.9430  20.888646  0.000e+00
      0.330     5.6600    20.4313    16.0938 7.8144e-01      1.538    1455.00     85.773     9.4047 109.294522    7.67702      0.333     3.9430  20.880475  0.000e+00
      0.318     5.6552    20.4238    16.0884 7.8144e-01      1.531    1454.97     85.847     9.4143 109.294522    7.67829      0.321     3.9430  20.870774  0.000e+00
      0.305     5.6495    20.4189    16.0849 8.1807e-01      1.531    1454.94     85.852     9.4165 109.294523    7.67962      0.308     3.9735  20.862913  0.000e+00
      0.317     5.6442    20.4116    16.0797 8.6691e-01      1.538    1454.91     85.855     9.4185 109.294523    7.68099      0.320     3.9735  20.853113  0.000e+00
      0.318     5.6395    20.4088    16.0779 8.6691e-01      1.546    1454.89     85.777     9.4112 109.294524    7.68200      0.321     3.9735  20.847856  0.000e+00
      0.305     5.6348    20.4136    16.0820 8.0586e-01      1.553    1454.88     85.839     9.4188 109.294524    7.68265      0.308     3.9430  20.849643  0.000e+00
      0.305     5.6362    20.4140    16.0823 7.5702e-01      1.568    1454.88     85.844     9.4189 109.294524    7.68237      0.308     3.9430  20.850817  0.000e+00
      0.305     5.6380    20.4079    16.0773 8.4249e-01      1.597    1454.88     85.846     9.4191 109.294525    7.68233      0.308     3.9430  20.846172  0.000e+00
      0.317     5.6380    20.4034    16.0737 9.2796e-01      1.648    1454.88     85.846     9.4194 109.294525    7.68257      0.320     3.9430  20.841885  0.000e+00
      0.305     5.6364    20.4059    16.0759 1.0256e+00      1.685    1454.87     85.843     9.4194 109.294526    7.68274      0.308     3.9735  20.843365  0.000e+00
      0.305     5.6336    20.4043    16.0748 1.0989e+00      1.670    1454.86     85.839     9.4197 109.294526    7.68335      0.308     3.9735  20.840253  0.000e+00
      0.305     5.6253    20.3890    16.0635 1.0379e+00      1.634    1454.81     85.834     9.4220 109.294527    7.68567      0.308     3.9735  20.821324  0.000e+00
      0.304     5.6230    20.3750    16.0527 9.4017e-01      1.590    1454.78     85.837     9.4237 109.294527    7.68682      0.307     3.9735  20.806889  0.000e+00
      0.294     5.6339    20.3802    16.0558 8.4249e-01      1.553    1454.83     85.835     9.4206 109.294528    7.68450      0.297     3.9430  20.817906  0.000e+00
      0.305     5.6304    20.3898    16.0637 7.6923e-01      1.495    1454.83     85.834     9.4208 109.294528    7.68468      0.308     3.9430  20.824895  0.000e+00
      0.294     5.6215    20.3833    16.0593 7.3260e-01      1.451    1454.78     85.833     9.4231 109.294529    7.68668      0.297     3.9125  20.813775  0.000e+00
      0.304     5.6162    20.3741    16.0525 7.8144e-01      1.421    1454.75     85.829     9.4245 109.294529    7.68815      0.307     3.9125  20.802198  0.000e+00
      0.294     5.6156    20.3713    16.0503 7.9365e-01      1.414    1454.74     85.899     9.4325 109.294530    7.68841      0.297     3.9125  20.799189  0.000e+00
      0.294     5.6296    20.3900    16.0639 7.4481e-01      1.421    1454.82     85.898     9.4279 109.294530    7.68482      0.297     3.9125  20.824640  0.000e+00
      0.294     5.6424    20.4208    16.0871 7.2039e-01      1.429    1454.92     85.816     9.4141 109.294531    7.68086      0.297     3.9125  20.860667  0.000e+00
      0.292     5.6426    20.4166    16.0838 7.2039e-01      1.414    1454.91     85.802     9.4128 109.294531    7.68104      0.295     3.9430  20.856890  0.000e+00
      0.294     5.6337    20.3878    16.0618 7.5702e-01      1.414    1454.84     85.788     9.4151 109.294532    7.68415      0.297     3.9430  20.824895  0.000e+00
      0.305     5.6185    20.3685    16.0479 8.9133e-01      1.414    1454.75     85.775     9.4182 109.294532    7.68799      0.308     3.9125  20.798271  0.000e+00
      0.294     5.6072    20.3755    16.0544 1.0379e+00      1.421    1454.71     85.835     9.4270 109.294533    7.68978      0.297     3.9125  20.798425  0.000e+00
      0.257     5.6058    20.4020    16.0754 1.4530e+00      1.414    1454.74     85.824     9.4245 109.294533    7.68871      0.259     3.8819  20.822346  0.000e+00
      0.341     5.6133    20.4279    16.0952 1.6606e+00      1.429    1454.80     85.732     9.4111 109.294534    7.68597      0.344     3.8819  20.850869  0.000e+00
      0.305     5.6233    20.4496    16.1114 1.5751e+00      1.451    1454.87     85.715     9.4055 109.294534    7.68300      0.308     3.9125  20.876801  0.000e+00
      0.305     5.6328    20.4747    16.1304 1.4896e+00      1.465    1454.94     85.696     9.3997 109.294535    7.67996      0.308     3.9125  20.905656  0.000e+00
      0.305     5.6404    20.4983    16.1483 1.3553e+00      1.473    1455.01     85.664     9.3930 109.294535    7.67734      0.308     3.8819  20.932020  0.000e+00
      0.317     5.6426    20.5111    16.1583 1.2454e+00      1.473    1455.03     85.657     9.3909 109.294536    7.67628      0.320     3.9125  20.945257  0.000e+00
      0.318     5.6546    20.5176    16.1623 1.1722e+00      1.465    1455.09     85.633     9.3852 109.294536    7.67369      0.321     3.9125  20.958139  0.000e+00
      0.305     5.6685    20.5302    16.1711 1.1111e+00      1.465    1455.16     85.685     9.3868 109.294537    7.67044      0.308     3.8819  20.977875  0.000e+00
      0.305     5.6872    20.5356    16.1737 1.0256e+00      1.487    1455.25     85.615     9.3746 109.294537    7.66667      0.308     3.8819  20.993526  0.000e+00
      0.292     5.7032    20.5346    16.1715 9.5238e-01      1.509    1455.31     85.663     9.3763 109.294538    7.66370      0.295     3.8819  21.001710  0.000e+00
      0.318     5.7146    20.5330    16.1693 1.0012e+00      1.495    1455.36     85.569     9.3635 109.294538    7.66165      0.321     3.8819  21.006774  0.000e+00
      0.354     5.7204    20.5341    16.1696 1.0134e+00      1.473    1455.39     85.552     9.3603 109.294538    7.66050      0.357     3.8819  21.011123  0.000e+00
      0.305     5.7253    20.5323    16.1678 9.6459e-01      1.451    1455.40     85.534     9.3573 109.294539    7.65967      0.308     3.8819  21.012197  0.000e+00
      0.317     5.7267    20.5307    16.1664 9.0354e-01      1.465    1455.41     85.516     9.3551 109.294539    7.65948      0.320     3.8819  21.011532  0.000e+00
      0.365     5.7257    20.5303    16.1662 8.3028e-01      1.480    1455.40     85.576     9.3619 109.294540    7.65971      0.369     3.8819  21.010509  0.000e+00
      0.294     5.7255    20.5305    16.1664 8.5470e-01      1.480    1455.40     85.567     9.3609 109.294540    7.65972      0.297     3.8819  21.010662  0.000e+00
      0.305     5.7253    20.5309    16.1667 8.9133e-01      1.480    1455.40     85.480     9.3515 109.294541    7.65974      0.308     3.8514  21.010867  0.000e+00
      0.304     5.7260    20.5300    16.1659 8.5470e-01      1.516    1455.40     85.457     9.3489 109.294541    7.65966      0.307     3.8514  21.010406  0.000e+00
      0.354     5.7130    20.5304    16.1673 8.9133e-01      1.546    1455.35     85.438     9.3497 109.294542    7.66209      0.357     3.8819  21.003346  0.000e+00
      0.341     5.6880    20.5267    16.1666 8.7912e-01      1.524    1455.24     85.420     9.3536 109.294542    7.66696      0.344     3.8819  20.985648  0.000e+00
      0.330     5.6699    20.5170    16.1606 8.4249e-01      1.509    1455.15     85.399     9.3560 109.294543    7.67083      0.333     3.8819  20.966369  0.000e+00
      0.330     5.6638    20.5069    16.1531 8.9133e-01      1.560    1455.11     85.398     9.3580 109.294543    7.67250      0.333     3.8819  20.953383  0.000e+00
      0.328     5.6686    20.5003    16.1475 9.6459e-01      1.619    1455.13     85.383     9.3556 109.294544    7.67192      0.331     3.8819  20.950009  0.000e+00
      0.318     5.6751    20.5073    16.1525 9.5238e-01      1.641    1455.16     85.367     9.3519 109.294544    7.67035      0.321     3.8819  20.960233  0.000e+00
      0.318     5.6813    20.5124    16.1560 1.0379e+00      1.648    1455.19     85.362     9.3497 109.294545    7.66893      0.321     3.8514  20.968516  0.000e+00
      0.341     5.6818    20.5127    16.1561 1.3309e+00      1.641    1455.20     85.270     9.3395 109.294545    7.66882      0.344     3.8514  20.969028  0.000e+00
      0.328     5.6755    20.5152    16.1587 1.5995e+00      1.612    1455.17     85.334     9.3478 109.294546    7.66988      0.331     3.8819  20.967852  0.000e+00
      0.330     5.6680    20.5162    16.1601 1.5140e+00      1.582    1455.14     85.333     9.3493 109.294546    7.67123      0.333     3.8819  20.964529  0.000e+00
      0.318     5.6653    20.5107    16.1559 1.3309e+00      1.575    1455.13     85.330     9.3500 109.294547    7.67202      0.321     3.8819  20.957780  0.000e+00
      0.330     5.6636    20.5042    16.1510 1.1233e+00      1.575    1455.11     85.316     9.3492 109.294547    7.67267      0.333     3.8819  20.950776  0.000e+00
      0.317     5.6598    20.4979    16.1464 1.0867e+00      1.560    1455.09     85.313     9.3502 109.294548    7.67369      0.320     3.8819  20.942751  0.000e+00
      0.318     5.6547    20.4928    16.1428 1.3187e+00      1.553    1455.06     85.311     9.3514 109.294548    7.67491      0.321     3.8819  20.935085  0.000e+00
      0.341     5.6510    20.4914    16.1420 1.2821e+00      1.538    1455.04     85.232     9.3436 109.294549    7.67569      0.344     3.8819  20.931559  0.000e+00
      0.318     5.6463    20.4919    16.1428 1.1477e+00      1.531    1455.02     85.295     9.3516 109.294549    7.67653      0.321     3.8514  20.929464  0.000e+00
      0.318     5.6434    20.4887    16.1405 1.0867e+00      1.516    1455.01     85.293     9.3522 109.294550    7.67725      0.321     3.8514  20.924763  0.000e+00
      0.328     5.6399    20.4847    16.1377 1.0256e+00      1.516    1454.99     85.291     9.3531 109.294550    7.67812      0.331     3.8819  20.919041  0.000e+00
      0.330     5.6375    20.4801    16.1343 1.0501e+00      1.495    1454.97     85.211     9.3452 109.294551    7.67879      0.333     3.8514  20.913421  0.000e+00
      0.318     5.6372    20.4754    16.1305 1.3675e+00      1.487    1454.96     85.274     9.3524 109.294551    7.67909      0.321     3.8514  20.908772  0.000e+00
      0.330     5.6377    20.4723    16.1281 1.6361e+00      1.480    1454.96     85.195     9.3438 109.294552    7.67915      0.333     3.8514  20.906217  0.000e+00
      0.328     5.6362    20.4694    16.1259 1.6972e+00      1.473    1454.95     85.259     9.3513 109.294552    7.67958      0.331     3.8514  20.902642  0.000e+00
      0.318     5.6326    20.4672    16.1245 1.7216e+00      1.465    1454.93     85.180     9.3437 109.294552    7.68037      0.321     3.8514  20.898505  0.000e+00
      0.318     5.6291    20.4661    16.1239 1.5018e+00      1.473    1454.92     85.245     9.3516 109.294553    7.68108      0.321     3.8514  20.895491  0.000e+00
      0.330     5.6273    20.4648    16.1231 1.2210e+00      1.480    1454.91     85.179     9.3449 109.294553    7.68149      0.333     3.8514  20.893244  0.000e+00
      0.317     5.6266    20.4633    16.1219 1.0623e+00      1.495    1454.90     85.256     9.3536 109.294554    7.68169      0.320     3.8514  20.891508  0.000e+00
      0.330     5.6266    20.4607    16.1199 9.4017e-01      1.516    1454.90     85.179     9.3453 109.294554    7.68182      0.333     3.8514  20.889056  0.000e+00
      0.318     5.6265    20.4572    16.1172 8.7912e-01      1.524    1454.90     85.245     9.3528 109.294555    7.68202      0.321     3.8819  20.885737  0.000e+00
      0.330     5.6257    20.4543    16.1149 9.1575e-01      1.524    1454.89     85.169     9.3448 109.294555    7.68232      0.333     3.8819  20.882520  0.000e+00
      0.317     5.6256    20.4524    16.1134 8.9133e-01      1.516    1454.89     85.158     9.3437 109.294556    7.68242      0.320     3.8819  20.880733  0.000e+00
      0.330     5.6274    20.4533    16.1140 8.0586e-01      1.502    1454.90     85.160     9.3434 109.294556    7.68204      0.333     3.8514  20.882571  0.000e+00
      0.318     5.6294    20.4580    16.1175 7.5702e-01      1.487    1454.91     85.239     9.3514 109.294557    7.68143      0.321     3.8819  20.888137  0.000e+00
      0.330     5.6334    20.4622    16.1205 7.4481e-01      1.480    1454.93     85.241     9.3505 109.294557    7.68046      0.333     3.8819  20.894367  0.000e+00
      0.305     5.6340    20.4639    16.1218 7.9365e-01      1.473    1454.94     85.167     9.3420 109.294558    7.68026      0.308     3.8819  20.896257  0.000e+00
      0.317     5.6318    20.4591    16.1182 9.7680e-01      1.465    1454.92     85.236     9.3505 109.294558    7.68092      0.320     3.8819  20.890537  0.000e+00
      0.294     5.6315    20.4574    16.1168 1.1233e+00      1.451    1454.92     85.162     9.3425 109.294559    7.68107      0.297     3.8819  20.888699  0.000e+00
      0.281     5.6347    20.4682    16.1251 1.0989e+00      1.443    1454.94     85.231     9.3487 109.294559    7.67992      0.284     3.8514  20.900650  0.000e+00
      0.305     5.6422    20.4847    16.1375 1.0256e+00      1.458    1455.00     85.156     9.3377 109.294560    7.67767      0.308     3.8514  20.920369  0.000e+00
      0.363     5.6513    20.4999    16.1486 1.0501e+00      1.524    1455.05     85.236     9.3436 109.294560    7.67521      0.367     3.8819  20.939685  0.000e+00
