ctd/data/2024/seabird/Lysakerfj_geokurs.cnv
* Sea-Bird SBE 9 Data File:
* FileName = C:\CTD Brukere\UiO Kurs\Geo kurs 2024\Lysakerfj_geokurs.hex
* Software Version Seasave V 7.26.7.121
* Temperature SN = 5352
* Conductivity SN = 3840
* Number of Bytes Per Scan = 38
* Number of Voltage Words = 5
* Number of Scans Averaged by the Deck Unit = 1
* NMEA Latitude = 59 54.30 N
* NMEA Longitude = 010 38.99 E
* NMEA UTC (Time) = Apr 18 2024 06:38:06
* NMEA baud rate = 4800
** Ship: R/V Trygve Braarud
** Cruise:
** Station:
** Operator:
# nquan = 15
# nvalues = 3173                                  
# units = specified
# name 0 = depSM: Depth [salt water, m]
# name 1 = t090C: Temperature [ITS-90, deg C]
# name 2 = sal00: Salinity, Practical [PSU]
# name 3 = sigma-t00: Density [sigma-t, kg/m^3 ]
# name 4 = flSP: Fluorescence, Seapoint
# name 5 = seaTurbMtr: Turbidity, Seapoint [FTU]
# name 6 = svCM: Sound Velocity [Chen-Millero, m/s]
# name 7 = sbeox0PS: Oxygen, SBE 43 [% saturation]
# name 8 = sbeox0Mg/L: Oxygen, SBE 43 [mg/l]
# name 9 = timeJ: Julian Days
# name 10 = oxsatML/L: Oxygen Saturation, Weiss [ml/l]
# name 11 = prDM: Pressure, Digiquartz [db]
# name 12 = wetStar: Fluorescence, WET Labs WETstar [mg/m^3]
# name 13 = c0mS/cm: Conductivity [mS/cm]
# name 14 = flag:  0.000e+00
# span 0 =      0.202,     32.591                 
# span 1 =     3.8887,     7.2534                 
# span 2 =    18.9241,    32.0936                 
# span 3 =    14.9052,    25.0961                 
# span 4 = 9.7680e-02, 3.1136e+00                 
# span 5 =      1.004,     16.630                 
# span 6 =    1452.84,    1476.54                 
# span 7 =     46.714,     86.244                 
# span 8 =     4.5673,     9.4106                 
# span 9 = 109.276586, 109.278115                 
# span 10 =    6.84957,    7.76526                
# span 11 =      0.204,     32.904                
# span 12 =     1.4705,     4.5840                
# span 13 =  19.436917,  32.864643                
# span 14 = 0.0000e+00, 0.0000e+00                
# interval = seconds: 0.0416667
# start_time = Apr 18 2024 06:38:17 [System UTC, first data scan.]
# bad_flag = -9.990e-29
*END*
[from data line 772]
      6.879     5.1015    23.7407    18.7538 7.0818e-01      1.143    1456.96     83.005     9.0246 109.276958    7.61568      6.944     2.8441  23.592607  0.000e+00
      6.898     5.0949    23.7480    18.7602 7.2039e-01      1.121    1456.94     83.026     9.0279 109.276958    7.61656      6.964     2.8441  23.594950  0.000e+00
      6.914     5.0888    23.7566    18.7675 7.5702e-01      1.106    1456.92     83.041     9.0303 109.276959    7.61725      6.980     2.8441  23.598890  0.000e+00
      6.911     5.0838    23.7647    18.7744 8.0586e-01      1.114    1456.91     82.984     9.0247 109.276959    7.61779      6.977     2.8441  23.602991  0.000e+00
      6.950     5.0781    23.7728    18.7813 8.3028e-01      1.128    1456.90     83.000     9.0272 109.276960    7.61845      7.016     2.8441  23.606666  0.000e+00
      6.950     5.0736    23.7800    18.7873 8.0586e-01      1.128    1456.89     83.009     9.0287 109.276960    7.61895      7.016     2.8136  23.610181  0.000e+00
      6.958     5.0696    23.7859    18.7924 7.8144e-01      1.114    1456.88     83.024     9.0309 109.276961    7.61939      7.024     2.8136  23.613004  0.000e+00
      6.986     5.0652    23.7925    18.7979 7.4481e-01      1.106    1456.87     82.967     9.0253 109.276961    7.61989      7.052     2.8136  23.616093  0.000e+00
      6.994     5.0614    23.7975    18.8022 7.2039e-01      1.092    1456.86     82.970     9.0262 109.276962    7.62035      7.060     2.8441  23.618224  0.000e+00
      7.010     5.0573    23.8018    18.8060 7.5702e-01      1.106    1456.85     82.979     9.0278 109.276962    7.62090      7.077     2.8441  23.619502  0.000e+00
      7.018     5.0530    23.8064    18.8100 7.6923e-01      1.136    1456.84     82.994     9.0301 109.276963    7.62147      7.085     2.8441  23.620887  0.000e+00
      7.033     5.0497    23.8109    18.8138 7.8144e-01      1.165    1456.83     83.003     9.0314 109.276963    7.62186      7.100     2.8136  23.622859  0.000e+00
      7.046     5.0460    23.8160    18.8182 8.0586e-01      1.172    1456.82     82.939     9.0250 109.276964    7.62232      7.113     2.8441  23.624989  0.000e+00
      7.065     5.0414    23.8218    18.8232 7.9365e-01      1.172    1456.81     82.947     9.0266 109.276964    7.62289      7.132     2.8441  23.627280  0.000e+00
      7.081     5.0388    23.8256    18.8264 7.6923e-01      1.158    1456.80     82.961     9.0284 109.276965    7.62317      7.149     2.8441  23.629092  0.000e+00
      7.089     5.0366    23.8288    18.8291 8.1807e-01      1.143    1456.80     82.890     9.0210 109.276965    7.62343      7.157     2.8441  23.630583  0.000e+00
      7.106     5.0326    23.8330    18.8328 9.0354e-01      1.136    1456.79     82.892     9.0218 109.276966    7.62398      7.173     2.8441  23.631809  0.000e+00
      7.125     5.0299    23.8361    18.8355 9.4017e-01      1.150    1456.78     82.899     9.0230 109.276966    7.62433      7.193     2.8441  23.632821  0.000e+00
      7.141     5.0278    23.8392    18.8381 9.2796e-01      1.179    1456.78     82.834     9.0162 109.276967    7.62456      7.209     2.8441  23.634313  0.000e+00
      7.149     5.0259    23.8424    18.8408 9.5238e-01      1.216    1456.77     82.829     9.0159 109.276967    7.62476      7.217     2.8136  23.635965  0.000e+00
      7.165     5.0235    23.8459    18.8438 9.0354e-01      1.260    1456.77     82.830     9.0164 109.276968    7.62503      7.234     2.8136  23.637617  0.000e+00
      7.177     5.0207    23.8501    18.8474 8.1807e-01      1.282    1456.76     82.838     9.0175 109.276968    7.62534      7.245     2.8441  23.639641  0.000e+00
      7.198     5.0185    23.8536    18.8503 7.8144e-01      1.238    1456.76     82.838     9.0179 109.276969    7.62558      7.266     2.8441  23.641400  0.000e+00
      7.212     5.0147    23.8579    18.8541 7.5702e-01      1.201    1456.75     82.767     9.0107 109.276969    7.62607      7.281     2.8441  23.642839  0.000e+00
      7.220     5.0111    23.8615    18.8572 7.5702e-01      1.238    1456.74     82.767     9.0113 109.276970    7.62657      7.289     2.8441  23.643745  0.000e+00
      7.237     5.0066    23.8661    18.8612 7.8144e-01      1.319    1456.72     82.774     9.0127 109.276970    7.62720      7.306     2.8441  23.644971  0.000e+00
      7.245     5.0020    23.8712    18.8657 8.3028e-01      1.348    1456.71     82.696     9.0050 109.276970    7.62781      7.314     2.8441  23.646569  0.000e+00
      7.261     5.0007    23.8737    18.8678 8.6691e-01      1.297    1456.71     82.689     9.0044 109.276971    7.62792      7.330     2.8746  23.648062  0.000e+00
      7.280     4.9982    23.8769    18.8705 8.7912e-01      1.238    1456.70     82.689     9.0047 109.276971    7.62823      7.350     2.8441  23.649287  0.000e+00
      7.284     4.9939    23.8816    18.8746 8.3028e-01      1.194    1456.69     82.682     9.0046 109.276972    7.62879      7.353     2.8441  23.650833  0.000e+00
      7.293     4.9903    23.8866    18.8789 7.8144e-01      1.150    1456.68     82.681     9.0050 109.276972    7.62922      7.363     2.8136  23.653018  0.000e+00
      7.321     4.9851    23.8920    18.8836 7.5702e-01      1.121    1456.67     82.608     8.9978 109.276973    7.62993      7.391     2.8441  23.654511  0.000e+00
      7.316     4.9810    23.8971    18.8879 7.8144e-01      1.099    1456.66     82.606     8.9982 109.276973    7.63044      7.386     2.8441  23.656429  0.000e+00
      7.332     4.9763    23.9020    18.8922 7.5702e-01      1.092    1456.64     82.611     8.9995 109.276974    7.63109      7.402     2.8441  23.657815  0.000e+00
      7.352     4.9703    23.9076    18.8971 7.4481e-01      1.099    1456.62     82.610     9.0003 109.276974    7.63193      7.422     2.8441  23.658988  0.000e+00
      7.356     4.9652    23.9120    18.9011 7.2039e-01      1.114    1456.61     82.535     8.9931 109.276975    7.63268      7.427     2.8441  23.659628  0.000e+00
      7.356     4.9618    23.9156    18.9042 6.9597e-01      1.114    1456.60     82.532     8.9933 109.276975    7.63315      7.427     2.8441  23.660641  0.000e+00
      7.400     4.9548    23.9211    18.9092 6.8376e-01      1.114    1456.58     82.537     8.9950 109.276976    7.63418      7.471     2.8136  23.661121  0.000e+00
      7.403     4.9469    23.9278    18.9152 6.5934e-01      1.106    1456.55     82.534     8.9960 109.276976    7.63532      7.474     2.8136  23.662081  0.000e+00
      7.412     4.9383    23.9353    18.9218 6.5934e-01      1.092    1456.53     82.460     8.9894 109.276977    7.63658      7.482     2.8136  23.663254  0.000e+00
      7.416     4.9287    23.9433    18.9290 6.7155e-01      1.092    1456.50     82.457     8.9907 109.276977    7.63798      7.487     2.7830  23.664268  0.000e+00
      7.436     4.9188    23.9519    18.9366 6.5934e-01      1.099    1456.47     82.461     8.9928 109.276978    7.63941      7.507     2.8136  23.665601  0.000e+00
      7.439     4.9103    23.9591    18.9431 6.5934e-01      1.106    1456.44     82.470     8.9952 109.276978    7.64065      7.510     2.8441  23.666614  0.000e+00
      7.460     4.9046    23.9651    18.9483 6.5934e-01      1.099    1456.42     82.408     8.9892 109.276979    7.64142      7.531     2.8136  23.668320  0.000e+00
      7.476     4.8966    23.9739    18.9560 6.8376e-01      1.092    1456.40     82.483     8.9987 109.276979    7.64248      7.548     2.8136  23.671093  0.000e+00
      7.484     4.8880    23.9849    18.9654 6.8376e-01      1.099    1456.38     82.420     8.9930 109.276980    7.64355      7.556     2.8136  23.675411  0.000e+00
      7.499     4.8824    23.9952    18.9740 6.7155e-01      1.150    1456.37     82.415     8.9932 109.276980    7.64410      7.570     2.8441  23.681009  0.000e+00
      7.520     4.8808    24.0039    18.9810 6.5934e-01      1.172    1456.37     82.338     8.9846 109.276981    7.64396      7.592     2.8441  23.687833  0.000e+00
      7.523     4.8794    24.0134    18.9887 6.5934e-01      1.165    1456.38     82.332     8.9837 109.276981    7.64375      7.595     2.8441  23.695458  0.000e+00
      7.543     4.8771    24.0220    18.9956 6.8376e-01      1.143    1456.38     82.333     8.9837 109.276982    7.64374      7.615     2.8136  23.701697  0.000e+00
      7.559     4.8717    24.0310    19.0032 6.8376e-01      1.106    1456.37     82.340     8.9852 109.276982    7.64431      7.631     2.8136  23.706337  0.000e+00
      7.567     4.8642    24.0394    19.0105 6.7155e-01      1.084    1456.35     82.354     8.9878 109.276983    7.64530      7.639     2.8136  23.709004  0.000e+00
      7.595     4.8518    24.0500    19.0200 6.5934e-01      1.070    1456.31     82.285     8.9823 109.276983    7.64711      7.667     2.8136  23.710498  0.000e+00
      7.591     4.8394    24.0617    19.0302 6.7155e-01      1.077    1456.27     82.287     8.9846 109.276984    7.64887      7.664     2.8136  23.712899  0.000e+00
      7.619     4.8298    24.0709    19.0383 7.6923e-01      1.121    1456.25     82.294     8.9870 109.276984    7.65021      7.691     2.8136  23.714980  0.000e+00
      7.627     4.8233    24.0769    19.0437 8.6691e-01      1.136    1456.23     82.308     8.9895 109.276984    7.65115      7.700     2.8136  23.716154  0.000e+00
      7.643     4.8133    24.0864    19.0520 8.3028e-01      1.114    1456.20     82.237     8.9834 109.276985    7.65255      7.716     2.8136  23.718182  0.000e+00
      7.663     4.8001    24.1006    19.0644 7.4481e-01      1.092    1456.16     82.239     8.9856 109.276985    7.65434      7.736     2.7830  23.722344  0.000e+00
      7.667     4.7892    24.1128    19.0750 6.9597e-01      1.077    1456.13     82.246     8.9881 109.276986    7.65578      7.740     2.8136  23.726185  0.000e+00
      7.687     4.7818    24.1217    19.0826 6.8376e-01      1.062    1456.11     82.259     8.9906 109.276986    7.65673      7.760     2.8136  23.729387  0.000e+00
      7.690     4.7795    24.1259    19.0861 6.4713e-01      1.040    1456.10     82.277     8.9928 109.276987    7.65696      7.763     2.7830  23.731574  0.000e+00
      7.722     4.7755    24.1300    19.0897 6.5934e-01      1.033    1456.09     82.211     8.9862 109.276987    7.65750      7.796     2.7830  23.732748  0.000e+00
      7.727     4.7729    24.1330    19.0924 7.2039e-01      1.018    1456.09     82.216     8.9872 109.276988    7.65786      7.801     2.8136  23.733709  0.000e+00
      7.747     4.7680    24.1387    19.0972 7.4481e-01      1.004    1456.07     82.228     8.9892 109.276988    7.65850      7.821     2.8136  23.735577  0.000e+00
      7.750     4.7623    24.1457    19.1033 7.4481e-01      1.018    1456.06     82.233     8.9906 109.276989    7.65922      7.824     2.7830  23.738191  0.000e+00
      7.782     4.7560    24.1533    19.1098 6.9597e-01      1.055    1456.04     82.245     8.9928 109.276989    7.66003      7.856     2.7830  23.740860  0.000e+00
      7.786     4.7510    24.1591    19.1148 6.7155e-01      1.077    1456.03     82.261     8.9954 109.276990    7.66069      7.860     2.8136  23.742834  0.000e+00
      7.794     4.7460    24.1650    19.1199 6.5934e-01      1.077    1456.01     82.192     8.9886 109.276990    7.66134      7.868     2.7830  23.744862  0.000e+00
      7.823     4.7418    24.1697    19.1240 6.4713e-01      1.077    1456.00     82.273     8.9981 109.276991    7.66189      7.897     2.8136  23.746357  0.000e+00
      7.829     4.7361    24.1758    19.1293 6.8376e-01      1.070    1455.99     82.215     8.9926 109.276991    7.66265      7.904     2.7830  23.748172  0.000e+00
      7.845     4.7311    24.1820    19.1346 7.0818e-01      1.048    1455.97     82.229     8.9948 109.276992    7.66329      7.920     2.7830  23.750467  0.000e+00
      7.867     4.7269    24.1873    19.1392 6.9597e-01      1.055    1455.96     82.248     8.9975 109.276992    7.66383      7.942     2.7830  23.752388  0.000e+00
      7.883     4.7229    24.1921    19.1433 6.4713e-01      1.114    1455.95     82.181     8.9909 109.276993    7.66434      7.958     2.7830  23.754150  0.000e+00
      7.889     4.7178    24.1990    19.1492 6.3492e-01      1.216    1455.94     82.187     8.9922 109.276993    7.66497      7.964     2.7830  23.756925  0.000e+00
      7.918     4.7132    24.2039    19.1534 6.5934e-01      1.275    1455.93     82.198     8.9941 109.276994    7.66559      7.994     2.7830  23.758313  0.000e+00
      7.926     4.7095    24.2084    19.1573 6.3492e-01      1.297    1455.92     82.201     8.9950 109.276994    7.66605      8.002     2.7830  23.760022  0.000e+00
      7.949     4.7053    24.2140    19.1621 6.2271e-01      1.326    1455.91     82.132     8.9880 109.276995    7.66657      8.025     2.7830  23.762317  0.000e+00
      7.954     4.7012    24.2190    19.1664 5.8608e-01      1.355    1455.90     82.212     8.9973 109.276995    7.66710      8.030     2.7830  23.764079  0.000e+00
      7.985     4.6987    24.2226    19.1694 5.8608e-01      1.333    1455.89     82.153     8.9913 109.276996    7.66739      8.061     2.7830  23.765627  0.000e+00
      8.001     4.6955    24.2261    19.1725 5.9829e-01      1.275    1455.88     82.166     8.9931 109.276996    7.66782      8.077     2.7830  23.766748  0.000e+00
      8.009     4.6937    24.2285    19.1746 5.9829e-01      1.231    1455.88     82.171     8.9939 109.276997    7.66804      8.085     2.7830  23.767709  0.000e+00
      8.025     4.6965    24.2249    19.1715 6.1050e-01      1.179    1455.89     82.180     8.9946 109.276997    7.66769      8.102     2.8136  23.766321  0.000e+00
      8.058     4.6989    24.2215    19.1686 6.2271e-01      1.136    1455.89     82.117     8.9873 109.276997    7.66742      8.134     2.7830  23.764773  0.000e+00
      8.061     4.6955    24.2244    19.1712 6.3492e-01      1.121    1455.88     82.126     8.9888 109.276998    7.66790      8.138     2.7830  23.765254  0.000e+00
      8.080     4.6948    24.2251    19.1718 7.0818e-01      1.121    1455.88     82.127     8.9891 109.276998    7.66800      8.157     2.7830  23.765414  0.000e+00
      8.109     4.6957    24.2236    19.1705 7.9365e-01      1.106    1455.88     82.133     8.9897 109.276999    7.66791      8.187     2.7830  23.764667  0.000e+00
      8.118     4.6954    24.2243    19.1711 7.6923e-01      1.092    1455.88     82.067     8.9824 109.276999    7.66793      8.195     2.7830  23.765094  0.000e+00
      8.134     4.6916    24.2295    19.1755 6.8376e-01      1.092    1455.87     82.072     8.9836 109.277000    7.66838      8.211     2.7830  23.767282  0.000e+00
      8.153     4.6856    24.2386    19.1832 6.3492e-01      1.099    1455.86     82.071     8.9842 109.277000    7.66906      8.231     2.7830  23.771500  0.000e+00
      8.176     4.6787    24.2486    19.1917 7.0818e-01      1.106    1455.84     82.076     8.9856 109.277001    7.66987      8.254     2.8136  23.775931  0.000e+00
      8.192     4.6743    24.2554    19.1975 8.0586e-01      1.121    1455.83     82.084     8.9871 109.277001    7.67038      8.270     2.7830  23.779081  0.000e+00
      8.213     4.6706    24.2603    19.2016 7.5702e-01      1.121    1455.82     82.020     8.9806 109.277002    7.67083      8.291     2.8136  23.781057  0.000e+00
      8.229     4.6668    24.2649    19.2056 6.8376e-01      1.128    1455.81     82.014     8.9806 109.277002    7.67131      8.308     2.7830  23.782766  0.000e+00
      8.249     4.6642    24.2683    19.2085 6.3492e-01      1.121    1455.81     82.027     8.9823 109.277003    7.67165      8.327     2.7830  23.783994  0.000e+00
      8.252     4.6605    24.2729    19.2125 6.1050e-01      1.092    1455.80     81.953     8.9748 109.277003    7.67210      8.331     2.8136  23.785756  0.000e+00
