ctd/data/2024/seabird/Lysakerfj_BN1_B.cnv
* Sea-Bird SBE 9 Data File:
* FileName = C:\CTD Brukere\UiO Kurs\Geo kurs 2024\Lysakerfj_BN1_B.hex
* Software Version Seasave V 7.26.7.121
* Temperature SN = 5352
* Conductivity SN = 3840
* Number of Bytes Per Scan = 38
* Number of Voltage Words = 5
* Number of Scans Averaged by the Deck Unit = 1
* NMEA Latitude = 59 52.84 N
* NMEA Longitude = 010 38.77 E
* NMEA UTC (Time) = Apr 18 2024 08:58:18
* NMEA baud rate = 4800
** Ship: R/V Trygve Braarud
** Cruise:
** Station:
** Operator:
# nquan = 15
# nvalues = 4640                                  
# units = specified
# name 0 = depSM: Depth [salt water, m]
# name 1 = t090C: Temperature [ITS-90, deg C]
# name 2 = sal00: Salinity, Practical [PSU]
# name 3 = sigma-t00: Density [sigma-t, kg/m^3 ]
# name 4 = flSP: Fluorescence, Seapoint
# name 5 = seaTurbMtr: Turbidity, Seapoint [FTU]
# name 6 = svCM: Sound Velocity [Chen-Millero, m/s]
# name 7 = sbeox0PS: Oxygen, SBE 43 [% saturation]
# name 8 = sbeox0Mg/L: Oxygen, SBE 43 [mg/l]
# name 9 = timeJ: Julian Days
# name 10 = oxsatML/L: Oxygen Saturation, Weiss [ml/l]
# name 11 = prDM: Pressure, Digiquartz [db]
# name 12 = wetStar: Fluorescence, WET Labs WETstar [mg/m^3]
# name 13 = c0mS/cm: Conductivity [mS/cm]
# name 14 = flag:  0.000e+00
# span 0 =      0.229,     80.989                 
# span 1 =     3.9034,     7.8363                 
# span 2 =    20.2285,    32.7285                 
# span 3 =    15.8753,    25.5247                 
# span 4 = 0.0000e+00, 1.5751e+00                 
# span 5 =      0.938,      6.886                 
# span 6 =    1455.61,    1480.11                 
# span 7 =     44.319,     86.912                 
# span 8 =     4.6282,     9.4022                 
# span 9 = 109.374433, 109.376670                 
# span 10 =    6.73175,    7.69348                
# span 11 =      0.231,     81.775                
# span 12 =    -0.3000,     3.6988                
# span 13 =  21.052801,  33.944661                
# span 14 = 0.0000e+00, 0.0000e+00                
# interval = seconds: 0.0416667
# start_time = Apr 18 2024 08:59:11 [System UTC, first data scan.]
# bad_flag = -9.990e-29
*END*
[from data line 482]
      4.621     6.0600    22.8728    17.9804 1.0012e+00      1.326    1459.80     85.530     9.1386 109.374665    7.48202      4.665     2.7830  23.403682  0.000e+00
      4.644     6.0436    22.9065    18.0085 9.2796e-01      1.333    1459.77     85.540     9.1413 109.374666    7.48336      4.688     2.7830  23.424764  0.000e+00
      4.657     6.0150    22.9513    18.0466 9.5238e-01      1.333    1459.71     85.541     9.1450 109.374666    7.48635      4.701     2.7830  23.448616  0.000e+00
      4.681     5.9954    22.9765    18.0684 1.0012e+00      1.311    1459.66     85.527     9.1462 109.374667    7.48866      4.726     2.7830  23.459776  0.000e+00
      4.706     5.9807    22.9825    18.0745 1.1111e+00      1.289    1459.61     85.534     9.1499 109.374667    7.49104      4.750     2.7830  23.456057  0.000e+00
      4.730     5.9698    22.9740    18.0689 1.1966e+00      1.267    1459.55     85.540     9.1534 109.374668    7.49344      4.775     2.7830  23.441289  0.000e+00
      4.751     5.9622    22.9680    18.0649 1.2454e+00      1.238    1459.52     85.532     9.1546 109.374668    7.49512      4.796     2.7830  23.430825  0.000e+00
      4.790     5.9461    22.9926    18.0859 1.2210e+00      1.245    1459.48     85.538     9.1573 109.374669    7.49684      4.835     2.7830  23.443628  0.000e+00
      4.790     5.9283    23.0275    18.1151 1.1722e+00      1.267    1459.45     85.531     9.1584 109.374669    7.49836      4.835     2.7830  23.464882  0.000e+00
      4.837     5.9140    23.0517    18.1355 1.0989e+00      1.267    1459.42     85.535     9.1605 109.374670    7.49977      4.883     2.7830  23.478382  0.000e+00
      4.837     5.9001    23.0704    18.1515 1.0501e+00      1.245    1459.39     85.526     9.1614 109.374670    7.50138      4.883     2.7830  23.486888  0.000e+00
      4.871     5.8818    23.1072    18.1823 1.0256e+00      1.245    1459.36     85.530     9.1636 109.374671    7.50292      4.917     2.7830  23.509485  0.000e+00
      4.885     5.8545    23.1454    18.2150 1.0379e+00      1.245    1459.30     85.535     9.1678 109.374671    7.50602      4.932     2.7830  23.527622  0.000e+00
      4.908     5.8379    23.1675    18.2340 1.0745e+00      1.238    1459.26     85.537     9.1703 109.374672    7.50796      4.955     2.7830  23.537571  0.000e+00
      4.932     5.8324    23.1803    18.2446 1.0745e+00      1.238    1459.25     85.612     9.1789 109.374672    7.50834      4.979     2.8136  23.545977  0.000e+00
      4.955     5.8296    23.1780    18.2431 1.0501e+00      1.275    1459.24     85.544     9.1723 109.374673    7.50896      5.002     2.8136  23.542093  0.000e+00
      4.981     5.8311    23.1717    18.2380 1.0256e+00      1.297    1459.24     85.540     9.1719 109.374673    7.50898      5.028     2.7830  23.537252  0.000e+00
      4.992     5.8329    23.1741    18.2397 1.0623e+00      1.297    1459.25     85.534     9.1708 109.374674    7.50855      5.040     2.7830  23.540550  0.000e+00
      5.028     5.8298    23.1816    18.2458 1.0989e+00      1.267    1459.24     85.530     9.1706 109.374674    7.50874      5.076     2.8136  23.545552  0.000e+00
      5.039     5.8207    23.1906    18.2538 1.1966e+00      1.245    1459.22     85.527     9.1717 109.374674    7.50996      5.087     2.8136  23.548106  0.000e+00
      5.062     5.8156    23.1833    18.2486 1.2332e+00      1.253    1459.19     85.522     9.1728 109.374675    7.51126      5.110     2.7830  23.538105  0.000e+00
      5.088     5.8229    23.1520    18.2232 1.1722e+00      1.275    1459.18     85.514     9.1721 109.374675    7.51146      5.136     2.7830  23.513744  0.000e+00
      5.112     5.8304    23.1427    18.2152 1.1111e+00      1.275    1459.20     85.505     9.1701 109.374676    7.51055      5.161     2.7830  23.509862  0.000e+00
      5.135     5.8235    23.1716    18.2386 1.0989e+00      1.245    1459.21     85.499     9.1692 109.374676    7.51038      5.184     2.7830  23.532359  0.000e+00
      5.157     5.8086    23.2059    18.2670 1.1233e+00      1.238    1459.19     85.495     9.1700 109.374677    7.51142      5.206     2.7830  23.554599  0.000e+00
      5.172     5.7996    23.2219    18.2805 1.0501e+00      1.253    1459.17     85.488     9.1703 109.374677    7.51228      5.221     2.7830  23.563699  0.000e+00
      5.195     5.7991    23.2223    18.2809 9.8901e-01      1.297    1459.17     85.480     9.1695 109.374678    7.51235      5.244     2.8136  23.563806  0.000e+00
      5.195     5.8001    23.2130    18.2735 1.0989e+00      1.341    1459.16     85.470     9.1687 109.374678    7.51263      5.244     2.8136  23.555823  0.000e+00
      5.264     5.7977    23.2117    18.2727 1.1722e+00      1.355    1459.15     85.461     9.1684 109.374679    7.51313      5.314     2.7830  23.553110  0.000e+00
      5.254     5.7842    23.2316    18.2897 1.1600e+00      1.333    1459.12     85.465     9.1707 109.374679    7.51462      5.304     2.7830  23.562955  0.000e+00
      5.267     5.7800    23.2315    18.2899 1.1966e+00      1.326    1459.11     85.468     9.1719 109.374680    7.51538      5.318     2.7830  23.560189  0.000e+00
      5.313     5.7821    23.2207    18.2813 1.1600e+00      1.311    1459.10     85.469     9.1722 109.374680    7.51553      5.363     2.7830  23.551568  0.000e+00
      5.303     5.7864    23.2062    18.2694 1.1233e+00      1.275    1459.10     85.458     9.1709 109.374681    7.51546      5.354     2.7830  23.540821  0.000e+00
      5.339     5.7946    23.1876    18.2539 1.2088e+00      1.253    1459.11     85.445     9.1689 109.374681    7.51489      5.389     2.7525  23.528798  0.000e+00
      5.350     5.8011    23.1663    18.2366 1.3309e+00      1.245    1459.11     85.432     9.1673 109.374682    7.51473      5.401     2.7525  23.513268  0.000e+00
      5.373     5.8187    23.1309    18.2070 1.4164e+00      1.253    1459.14     85.416     9.1639 109.374682    7.51327      5.424     2.7525  23.491573  0.000e+00
      5.399     5.8447    23.0873    18.1702 1.4042e+00      1.245    1459.19     85.409     9.1601 109.374683    7.51066      5.450     2.7830  23.467706  0.000e+00
      5.410     5.8727    23.0405    18.1306 1.2821e+00      1.253    1459.25     85.402     9.1560 109.374683    7.50786      5.461     2.7830  23.441935  0.000e+00
      5.434     5.8927    23.0039    18.0998 1.1477e+00      1.267    1459.29     85.397     9.1533 109.374684    7.50601      5.486     2.7830  23.420582  0.000e+00
      5.444     5.9066    22.9846    18.0833 1.1111e+00      1.267    1459.32     85.394     9.1510 109.374684    7.50443      5.496     2.8136  23.411395  0.000e+00
      5.470     5.9231    22.9654    18.0666 1.0501e+00      1.245    1459.36     85.389     9.1481 109.374685    7.50236      5.522     2.7830  23.403960  0.000e+00
      5.494     5.9511    22.9254    18.0324 9.8901e-01      1.245    1459.43     85.383     9.1436 109.374685    7.49922      5.546     2.7830  23.384476  0.000e+00
      5.515     5.9677    22.9029    18.0131 1.0134e+00      1.267    1459.47     85.378     9.1409 109.374686    7.49730      5.568     2.7525  23.373967  0.000e+00
      5.518     5.9879    22.8834    17.9958 1.0012e+00      1.311    1459.53     85.373     9.1371 109.374686    7.49460      5.571     2.7220  23.368499  0.000e+00
      5.554     5.9928    22.8786    17.9915 9.5238e-01      1.319    1459.54     85.372     9.1362 109.374687    7.49395      5.607     2.7525  23.367066  0.000e+00
      5.578     5.9642    22.9344    18.0382 1.0012e+00      1.341    1459.50     85.379     9.1398 109.374687    7.49640      5.631     2.7525  23.401090  0.000e+00
      5.586     5.9128    23.0399    18.1263 1.0379e+00      1.407    1459.42     85.313     9.1377 109.374687    7.50057      5.640     2.7525  23.466851  0.000e+00
      5.614     5.8647    23.1313    18.2029 1.0012e+00      1.429    1459.33     85.313     9.1427 109.374688    7.50485      5.667     2.7525  23.521294  0.000e+00
      5.637     5.8231    23.1968    18.2585 9.4017e-01      1.407    1459.25     85.312     9.1478 109.374688    7.50923      5.690     2.7220  23.555557  0.000e+00
      5.659     5.7910    23.2440    18.2987 9.4017e-01      1.377    1459.17     85.310     9.1517 109.374689    7.51276      5.713     2.7220  23.578870  0.000e+00
      5.685     5.7610    23.2783    18.3287 9.6459e-01      1.333    1459.09     85.307     9.1559 109.374689    7.51656      5.739     2.7525  23.591542  0.000e+00
      5.709     5.7441    23.2926    18.3416 9.5238e-01      1.304    1459.04     85.301     9.1582 109.374690    7.51893      5.764     2.7220  23.594046  0.000e+00
      5.730     5.7378    23.2992    18.3473 9.4017e-01      1.275    1459.02     85.294     9.1584 109.374690    7.51977      5.785     2.7525  23.596069  0.000e+00
      5.745     5.7279    23.3184    18.3634 9.2796e-01      1.238    1459.01     85.288     9.1587 109.374691    7.52064      5.800     2.7220  23.607465  0.000e+00
      5.769     5.7193    23.3383    18.3799 8.7912e-01      1.231    1459.00     85.204     9.1505 109.374691    7.52123      5.824     2.7525  23.620407  0.000e+00
      5.790     5.7152    23.3489    18.3887 8.4249e-01      1.231    1458.99     85.187     9.1488 109.374692    7.52146      5.845     2.7220  23.627599  0.000e+00
      5.816     5.7158    23.3478    18.3878 8.0586e-01      1.231    1459.00     85.246     9.1552 109.374692    7.52140      5.872     2.7220  23.627013  0.000e+00
      5.841     5.7174    23.3403    18.3816 8.1807e-01      1.238    1458.99     85.086     9.1380 109.374693    7.52148      5.896     2.7220  23.621047  0.000e+00
      5.852     5.7204    23.3261    18.3702 8.4249e-01      1.238    1458.99     85.057     9.1352 109.374693    7.52163      5.908     2.7220  23.609916  0.000e+00
      5.886     5.7244    23.3177    18.3632 8.4249e-01      1.231    1458.99     85.108     9.1402 109.374694    7.52132      5.942     2.7220  23.604643  0.000e+00
      5.900     5.7240    23.3185    18.3638 8.0586e-01      1.275    1458.99     85.172     9.1471 109.374694    7.52134      5.957     2.7220  23.605176  0.000e+00
      5.912     5.7217    23.3306    18.3736 8.0586e-01      1.267    1459.00     85.016     9.1302 109.374695    7.52118      5.968     2.7220  23.614815  0.000e+00
      5.957     5.7120    23.3513    18.3908 8.3028e-01      1.231    1458.99     84.996     9.1289 109.374695    7.52192      6.014     2.7220  23.627812  0.000e+00
      5.960     5.7027    23.3576    18.3967 8.4249e-01      1.223    1458.96     84.988     9.1297 109.374696    7.52332      6.017     2.7220  23.627706  0.000e+00
      5.983     5.7173    23.3095    18.3574 8.3028e-01      1.238    1458.96     84.888     9.1187 109.374696    7.52302      6.040     2.7220  23.592557  0.000e+00
      6.004     5.7721    23.2149    18.2776 8.7912e-01      1.253    1459.06     84.923     9.1161 109.374697    7.51765      6.061     2.7220  23.540025  0.000e+00
      6.032     5.7987    23.1862    18.2525 1.0256e+00      1.216    1459.14     84.901     9.1097 109.374697    7.51421      6.089     2.7220  23.530342  0.000e+00
      6.056     5.7710    23.2465    18.3026 1.0989e+00      1.187    1459.10     84.815     9.1029 109.374698    7.51630      6.114     2.7220  23.568600  0.000e+00
      6.077     5.7294    23.3304    18.3727 1.2821e+00      1.172    1459.03     84.800     9.1053 109.374698    7.51976      6.135     2.7220  23.619715  0.000e+00
      6.091     5.6949    23.3890    18.4222 1.2576e+00      1.223    1458.97     84.708     9.0994 109.374699    7.52320      6.149     2.7220  23.651736  0.000e+00
      6.112     5.6747    23.4128    18.4429 1.0867e+00      1.348    1458.91     84.757     9.1078 109.374699    7.52574      6.171     2.6915  23.660743  0.000e+00
      6.151     5.6658    23.4221    18.4510 9.1575e-01      1.319    1458.89     84.664     9.0991 109.374700    7.52691      6.210     2.7220  23.663622  0.000e+00
      6.163     5.6605    23.4253    18.4541 8.1807e-01      1.238    1458.87     84.637     9.0972 109.374700    7.52773      6.221     2.7220  23.663196  0.000e+00
      6.184     5.6555    23.4327    18.4604 7.9365e-01      1.179    1458.86     84.613     9.0953 109.374701    7.52826      6.243     2.7220  23.666874  0.000e+00
      6.198     5.6350    23.4647    18.4875 7.8144e-01      1.172    1458.82     84.595     9.0959 109.374701    7.53045      6.257     2.7525  23.683187  0.000e+00
      6.247     5.6173    23.4849    18.5051 7.5702e-01      1.165    1458.77     84.579     9.0968 109.374701    7.53271      6.306     2.7220  23.690439  0.000e+00
      6.255     5.6135    23.4845    18.5052 7.3260e-01      1.150    1458.75     84.484     9.0875 109.374702    7.53342      6.315     2.7220  23.687667  0.000e+00
      6.282     5.6134    23.4835    18.5043 7.3260e-01      1.136    1458.75     84.535     9.0930 109.374702    7.53348      6.342     2.7220  23.686654  0.000e+00
      6.307     5.6106    23.4862    18.5068 7.2039e-01      1.143    1458.74     84.523     9.0922 109.374703    7.53386      6.367     2.7525  23.687401  0.000e+00
      6.339     5.6032    23.4936    18.5133 7.2039e-01      1.143    1458.72     84.437     9.0842 109.374703    7.53486      6.400     2.7525  23.689428  0.000e+00
      6.354     5.5942    23.4991    18.5184 7.3260e-01      1.128    1458.69     84.420     9.0840 109.374704    7.53624      6.414     2.7525  23.688735  0.000e+00
      6.375     5.5944    23.4943    18.5146 7.8144e-01      1.114    1458.69     84.404     9.0825 109.374704    7.53645      6.435     2.7525  23.684417  0.000e+00
      6.402     5.5987    23.4890    18.5101 8.1807e-01      1.092    1458.70     84.391     9.0804 109.374705    7.53593      6.463     2.7525  23.682284  0.000e+00
      6.425     5.5991    23.4899    18.5107 8.0586e-01      1.077    1458.70     84.380     9.0792 109.374705    7.53580      6.486     2.7525  23.683404  0.000e+00
      6.446     5.5926    23.4943    18.5148 7.8144e-01      1.070    1458.68     84.297     9.0714 109.374706    7.53677      6.507     2.7525  23.683351  0.000e+00
      6.474     5.5748    23.5032    18.5235 7.6923e-01      1.077    1458.62     84.286     9.0735 109.374706    7.53961      6.535     2.7525  23.680100  0.000e+00
      6.509     5.5611    23.5051    18.5263 7.8144e-01      1.077    1458.57     84.277     9.0754 109.374707    7.54204      6.571     2.7525  23.673065  0.000e+00
      6.519     5.5570    23.5014    18.5237 7.5702e-01      1.070    1458.54     84.269     9.0757 109.374707    7.54298      6.581     2.7525  23.666989  0.000e+00
      6.545     5.5546    23.5000    18.5229 7.6923e-01      1.077    1458.53     84.264     9.0758 109.374708    7.54349      6.607     2.7525  23.664218  0.000e+00
      6.577     5.5534    23.4980    18.5214 8.0586e-01      1.099    1458.53     84.263     9.0761 109.374708    7.54381      6.640     2.7525  23.661606  0.000e+00
      6.580     5.5398    23.4971    18.5219 8.0586e-01      1.099    1458.47     84.190     9.0712 109.374709    7.54636      6.643     2.7525  23.652015  0.000e+00
      6.618     5.5480    23.4555    18.4883 7.8144e-01      1.099    1458.45     84.182     9.0711 109.374709    7.54692      6.681     2.7525  23.619038  0.000e+00
      6.637     5.6023    23.3799    18.4237 7.4481e-01      1.092    1458.58     84.169     9.0623 109.374710    7.54065      6.700     2.7525  23.584316  0.000e+00
      6.676     5.6167    23.3820    18.4240 6.9597e-01      1.077    1458.64     84.168     9.0589 109.374710    7.53791      6.740     2.7525  23.595442  0.000e+00
      6.686     5.5923    23.4311    18.4650 6.9597e-01      1.070    1458.60     84.178     9.0624 109.374711    7.53996      6.749     2.7830  23.625053  0.000e+00
      6.713     5.5662    23.4661    18.4951 6.8376e-01      1.070    1458.54     84.181     9.0663 109.374711    7.54303      6.777     2.7830  23.640557  0.000e+00
