ctd/data/2024/seabird/Lysakerfj_BN1_B.cnv
* Sea-Bird SBE 9 Data File:
* FileName = C:\CTD Brukere\UiO Kurs\Geo kurs 2024\Lysakerfj_BN1_B.hex
* Software Version Seasave V 7.26.7.121
* Temperature SN = 5352
* Conductivity SN = 3840
* Number of Bytes Per Scan = 38
* Number of Voltage Words = 5
* Number of Scans Averaged by the Deck Unit = 1
* NMEA Latitude = 59 52.84 N
* NMEA Longitude = 010 38.77 E
* NMEA UTC (Time) = Apr 18 2024 08:58:18
* NMEA baud rate = 4800
** Ship: R/V Trygve Braarud
** Cruise:
** Station:
** Operator:
# nquan = 15
# nvalues = 4640                                  
# units = specified
# name 0 = depSM: Depth [salt water, m]
# name 1 = t090C: Temperature [ITS-90, deg C]
# name 2 = sal00: Salinity, Practical [PSU]
# name 3 = sigma-t00: Density [sigma-t, kg/m^3 ]
# name 4 = flSP: Fluorescence, Seapoint
# name 5 = seaTurbMtr: Turbidity, Seapoint [FTU]
# name 6 = svCM: Sound Velocity [Chen-Millero, m/s]
# name 7 = sbeox0PS: Oxygen, SBE 43 [% saturation]
# name 8 = sbeox0Mg/L: Oxygen, SBE 43 [mg/l]
# name 9 = timeJ: Julian Days
# name 10 = oxsatML/L: Oxygen Saturation, Weiss [ml/l]
# name 11 = prDM: Pressure, Digiquartz [db]
# name 12 = wetStar: Fluorescence, WET Labs WETstar [mg/m^3]
# name 13 = c0mS/cm: Conductivity [mS/cm]
# name 14 = flag:  0.000e+00
# span 0 =      0.229,     80.989                 
# span 1 =     3.9034,     7.8363                 
# span 2 =    20.2285,    32.7285                 
# span 3 =    15.8753,    25.5247                 
# span 4 = 0.0000e+00, 1.5751e+00                 
# span 5 =      0.938,      6.886                 
# span 6 =    1455.61,    1480.11                 
# span 7 =     44.319,     86.912                 
# span 8 =     4.6282,     9.4022                 
# span 9 = 109.374433, 109.376670                 
# span 10 =    6.73175,    7.69348                
# span 11 =      0.231,     81.775                
# span 12 =    -0.3000,     3.6988                
# span 13 =  21.052801,  33.944661                
# span 14 = 0.0000e+00, 0.0000e+00                
# interval = seconds: 0.0416667
# start_time = Apr 18 2024 08:59:11 [System UTC, first data scan.]
# bad_flag = -9.990e-29
*END*
[from data line 3760]
     77.774     7.7390    32.7182    25.5197 8.5470e-02      1.560    1479.94     51.245     4.9348 109.376246    6.74565     78.529     1.1957  33.885743  0.000e+00
     77.781     7.7392    32.7181    25.5195 8.5470e-02      1.568    1479.94     51.244     4.9347 109.376247    6.74563     78.535     1.1957  33.885743  0.000e+00
     77.799     7.7392    32.7183    25.5197 8.5470e-02      1.590    1479.94     51.243     4.9346 109.376247    6.74562     78.554     1.1957  33.885986  0.000e+00
     77.830     7.7390    32.7185    25.5199 8.5470e-02      1.590    1479.94     51.243     4.9346 109.376248    6.74564     78.585     1.1957  33.886047  0.000e+00
     77.835     7.7391    32.7190    25.5202 8.5470e-02      1.582    1479.94     51.243     4.9346 109.376248    6.74561     78.590     1.1957  33.886473  0.000e+00
     77.848     7.7390    32.7202    25.5212 8.5470e-02      1.568    1479.94     51.244     4.9346 109.376249    6.74557     78.603     1.1957  33.887568  0.000e+00
     77.866     7.7398    32.7212    25.5219 8.5470e-02      1.560    1479.95     51.245     4.9346 109.376249    6.74540     78.621     1.1957  33.889270  0.000e+00
     77.884     7.7411    32.7220    25.5223 8.5470e-02      1.582    1479.96     51.246     4.9345 109.376250    6.74516     78.639     1.1957  33.891095  0.000e+00
     77.877     7.7424    32.7220    25.5222 8.5470e-02      1.597    1479.96     51.248     4.9345 109.376250    6.74496     78.633     1.1957  33.892311  0.000e+00
     77.908     7.7437    32.7208    25.5210 9.7680e-02      1.590    1479.96     51.250     4.9347 109.376250    6.74482     78.664     1.1957  33.892311  0.000e+00
     77.939     7.7441    32.7211    25.5211 8.5470e-02      1.590    1479.97     51.253     4.9349 109.376251    6.74474     78.695     1.1957  33.892919  0.000e+00
     77.931     7.7445    32.7207    25.5208 8.5470e-02      1.685    1479.97     51.256     4.9351 109.376251    6.74470     78.687     1.1957  33.892919  0.000e+00
     77.950     7.7446    32.7200    25.5202 8.5470e-02      1.736    1479.97     51.260     4.9355 109.376252    6.74470     78.707     1.1957  33.892372  0.000e+00
     77.980     7.7445    32.7200    25.5203 9.7680e-02      1.707    1479.97     51.187     4.9286 109.376252    6.74473     78.736     1.1957  33.892250  0.000e+00
     77.986     7.7443    32.7199    25.5202 9.7680e-02      1.670    1479.97     51.181     4.9280 109.376253    6.74476     78.743     1.1957  33.892007  0.000e+00
     78.004     7.7440    32.7193    25.5198 9.7680e-02      1.648    1479.96     51.253     4.9350 109.376253    6.74483     78.761     1.1957  33.891217  0.000e+00
     78.029     7.7435    32.7199    25.5204 9.7680e-02      1.634    1479.96     51.260     4.9357 109.376254    6.74488     78.785     1.1957  33.891399  0.000e+00
     78.035     7.7429    32.7205    25.5209 8.5470e-02      1.612    1479.96     51.267     4.9364 109.376254    6.74496     78.792     1.1957  33.891338  0.000e+00
     78.029     7.7426    32.7205    25.5209 8.5470e-02      1.597    1479.96     51.197     4.9297 109.376255    6.74500     78.785     1.1957  33.891034  0.000e+00
     78.071     7.7424    32.7215    25.5218 8.5470e-02      1.597    1479.96     51.195     4.9295 109.376255    6.74499     78.828     1.1957  33.891886  0.000e+00
     78.076     7.7430    32.7233    25.5230 8.5470e-02      1.604    1479.97     51.270     4.9366 109.376256    6.74481     78.833     1.1652  33.894076  0.000e+00
     78.107     7.7435    32.7252    25.5245 8.5470e-02      1.590    1479.97     51.279     4.9374 109.376256    6.74465     78.864     1.1652  33.896326  0.000e+00
     78.113     7.7446    32.7257    25.5247 8.5470e-02      1.597    1479.98     51.289     4.9382 109.376257    6.74446     78.871     1.1652  33.897786  0.000e+00
     78.144     7.7464    32.7244    25.5234 8.5470e-02      1.656    1479.98     51.223     4.9316 109.376257    6.74424     78.902     1.1652  33.898090  0.000e+00
     78.160     7.7474    32.7234    25.5225 8.5470e-02      1.692    1479.99     51.300     4.9390 109.376258    6.74413     78.919     1.1652  33.898090  0.000e+00
     78.173     7.7478    32.7225    25.5217 8.5470e-02      1.678    1479.99     51.312     4.9401 109.376258    6.74410     78.932     1.1957  33.897603  0.000e+00
     78.180     7.7477    32.7229    25.5221 8.5470e-02      1.656    1479.99     51.324     4.9413 109.376259    6.74410     78.938     1.1652  33.897907  0.000e+00
     78.209     7.7483    32.7230    25.5221 8.5470e-02      1.641    1479.99     51.337     4.9424 109.376259    6.74400     78.968     1.1652  33.898516  0.000e+00
     78.229     7.7488    32.7227    25.5218 8.5470e-02      1.612    1479.99     51.273     4.9363 109.376260    6.74394     78.988     1.1652  33.898698  0.000e+00
     78.234     7.7492    32.7221    25.5213 8.5470e-02      1.582    1479.99     51.265     4.9355 109.376260    6.74391     78.993     1.1957  33.898455  0.000e+00
     78.240     7.7487    32.7218    25.5211 8.5470e-02      1.568    1479.99     51.258     4.9348 109.376261    6.74400     78.999     1.1652  33.897664  0.000e+00
     78.270     7.7483    32.7206    25.5202 8.5470e-02      1.568    1479.99     51.251     4.9342 109.376261    6.74411     79.029     1.1652  33.896265  0.000e+00
     78.281     7.7479    32.7196    25.5194 8.5470e-02      1.582    1479.98     51.244     4.9336 109.376262    6.74422     79.040     1.1652  33.894988  0.000e+00
     78.301     7.7470    32.7205    25.5203 9.7680e-02      1.597    1479.98     51.238     4.9331 109.376262    6.74431     79.060     1.1652  33.895110  0.000e+00
     78.318     7.7472    32.7220    25.5215 8.5470e-02      1.590    1479.99     51.309     4.9399 109.376263    6.74422     79.078     1.1652  33.896691  0.000e+00
     78.336     7.7475    32.7222    25.5216 8.5470e-02      1.575    1479.99     51.237     4.9329 109.376263    6.74416     79.096     1.1957  33.897178  0.000e+00
     78.330     7.7482    32.7219    25.5212 9.7680e-02      1.582    1479.99     51.308     4.9397 109.376264    6.74408     79.090     1.1652  33.897360  0.000e+00
     78.366     7.7482    32.7217    25.5210 8.5470e-02      1.590    1479.99     51.237     4.9329 109.376264    6.74408     79.126     1.1652  33.897239  0.000e+00
     78.361     7.7476    32.7216    25.5211 8.5470e-02      1.604    1479.99     51.232     4.9325 109.376264    6.74417     79.121     1.1652  33.896691  0.000e+00
     78.403     7.7475    32.7216    25.5211 8.5470e-02      1.619    1479.99     51.305     4.9395 109.376265    6.74419     79.164     1.1652  33.896570  0.000e+00
     78.397     7.7477    32.7216    25.5211 8.5470e-02      1.634    1479.99     51.234     4.9327 109.376265    6.74416     79.157     1.1957  33.896752  0.000e+00
     78.426     7.7478    32.7215    25.5210 8.5470e-02      1.678    1479.99     51.230     4.9323 109.376266    6.74414     79.187     1.1957  33.896813  0.000e+00
     78.439     7.7480    32.7208    25.5204 8.5470e-02      1.729    1479.99     51.227     4.9320 109.376266    6.74415     79.200     1.1957  33.896327  0.000e+00
     78.470     7.7479    32.7208    25.5204 8.5470e-02      1.780    1479.99     51.224     4.9317 109.376267    6.74416     79.231     1.1957  33.896205  0.000e+00
     78.475     7.7470    32.7208    25.5205 8.5470e-02      1.795    1479.99     51.298     4.9389 109.376267    6.74429     79.236     1.1652  33.895475  0.000e+00
     78.506     7.7471    32.7218    25.5213 8.5470e-02      1.751    1479.99     51.230     4.9323 109.376268    6.74424     79.267     1.1652  33.896449  0.000e+00
     78.511     7.7478    32.7223    25.5216 8.5470e-02      1.700    1479.99     51.227     4.9320 109.376268    6.74411     79.272     1.1652  33.897543  0.000e+00
     78.535     7.7488    32.7228    25.5218 8.5470e-02      1.663    1480.00     51.226     4.9317 109.376269    6.74394     79.297     1.1957  33.898881  0.000e+00
     78.543     7.7489    32.7229    25.5219 8.5470e-02      1.663    1480.00     51.224     4.9315 109.376269    6.74392     79.305     1.1957  33.899064  0.000e+00
     78.560     7.7485    32.7224    25.5216 8.5470e-02      1.670    1479.99     51.224     4.9315 109.376270    6.74401     79.322     1.1957  33.898273  0.000e+00
     78.566     7.7476    32.7235    25.5225 8.5470e-02      1.692    1479.99     51.300     4.9389 109.376270    6.74409     79.328     1.1957  33.898517  0.000e+00
     78.608     7.7480    32.7235    25.5225 9.7680e-02      1.714    1480.00     51.234     4.9325 109.376271    6.74402     79.371     1.1957  33.898882  0.000e+00
     78.608     7.7482    32.7230    25.5221 9.7680e-02      1.700    1480.00     51.234     4.9325 109.376271    6.74403     79.371     1.1652  33.898517  0.000e+00
     78.639     7.7485    32.7227    25.5219 9.7680e-02      1.670    1480.00     51.311     4.9400 109.376272    6.74399     79.402     1.1957  33.898578  0.000e+00
     78.644     7.7484    32.7232    25.5222 9.7680e-02      1.656    1480.00     51.323     4.9411 109.376272    6.74399     79.407     1.1652  33.898882  0.000e+00
     78.651     7.7487    32.7227    25.5218 8.5470e-02      1.648    1480.00     51.257     4.9347 109.376273    6.74396     79.414     1.1957  33.898760  0.000e+00
     78.669     7.7490    32.7221    25.5213 8.5470e-02      1.670    1480.00     51.335     4.9422 109.376273    6.74394     79.432     1.1652  33.898456  0.000e+00
     78.705     7.7491    32.7221    25.5213 8.5470e-02      1.700    1480.00     51.270     4.9360 109.376274    6.74392     79.468     1.1652  33.898578  0.000e+00
     78.700     7.7487    32.7227    25.5218 9.7680e-02      1.685    1480.00     51.271     4.9361 109.376274    6.74397     79.463     1.1652  33.898700  0.000e+00
     78.729     7.7484    32.7231    25.5222 8.5470e-02      1.663    1480.00     51.350     4.9437 109.376275    6.74399     79.493     1.1652  33.898882  0.000e+00
     78.729     7.7478    32.7229    25.5221 8.5470e-02      1.626    1480.00     51.286     4.9376 109.376275    6.74408     79.493     1.1652  33.898274  0.000e+00
     78.748     7.7478    32.7229    25.5221 8.5470e-02      1.590    1480.00     51.365     4.9452 109.376276    6.74408     79.513     1.1652  33.898274  0.000e+00
     78.765     7.7477    32.7229    25.5221 8.5470e-02      1.575    1480.00     51.290     4.9380 109.376276    6.74410     79.529     1.1652  33.898152  0.000e+00
     78.773     7.7478    32.7234    25.5225 9.7680e-02      1.582    1480.00     51.281     4.9372 109.376277    6.74406     79.537     1.1957  33.898761  0.000e+00
     78.765     7.7480    32.7257    25.5242 8.5470e-02      1.597    1480.00     51.360     4.9447 109.376277    6.74393     79.529     1.1957  33.901011  0.000e+00
     78.825     7.7498    32.7253    25.5237 8.5470e-02      1.590    1480.01     51.374     4.9457 109.376277    6.74367     79.590     1.1957  33.902228  0.000e+00
     78.820     7.7510    32.7241    25.5226 9.7680e-02      1.568    1480.01     51.387     4.9469 109.376278    6.74354     79.585     1.1957  33.902167  0.000e+00
     78.838     7.7513    32.7240    25.5224 8.5470e-02      1.553    1480.01     51.312     4.9397 109.376278    6.74350     79.603     1.1957  33.902288  0.000e+00
     78.861     7.7517    32.7241    25.5225 8.5470e-02      1.546    1480.01     51.303     4.9388 109.376279    6.74343     79.626     1.1957  33.902775  0.000e+00
     78.880     7.7518    32.7240    25.5223 8.5470e-02      1.568    1480.02     51.382     4.9464 109.376279    6.74342     79.646     1.1957  33.902775  0.000e+00
     78.885     7.7514    32.7238    25.5222 8.5470e-02      1.641    1480.01     51.318     4.9403 109.376280    6.74349     79.651     1.1957  33.902228  0.000e+00
     78.921     7.7515    32.7235    25.5220 8.5470e-02      1.685    1480.01     51.321     4.9406 109.376280    6.74348     79.687     1.1652  33.902106  0.000e+00
     78.918     7.7512    32.7235    25.5220 8.5470e-02      1.714    1480.01     51.313     4.9398 109.376281    6.74353     79.684     1.1652  33.901802  0.000e+00
     78.934     7.7519    32.7235    25.5220 8.5470e-02      1.685    1480.02     51.393     4.9474 109.376281    6.74342     79.700     1.1652  33.902471  0.000e+00
     78.918     7.7525    32.7227    25.5213 8.5470e-02      1.648    1480.02     51.407     4.9487 109.376282    6.74337     79.684     1.1652  33.902228  0.000e+00
     79.006     7.7520    32.7230    25.5216 8.5470e-02      1.641    1480.02     51.345     4.9428 109.376282    6.74343     79.773     1.1652  33.902106  0.000e+00
     78.994     7.7518    32.7225    25.5212 8.5470e-02      1.641    1480.01     51.348     4.9432 109.376283    6.74349     79.761     1.1652  33.901377  0.000e+00
     79.001     7.7510    32.7229    25.5216 9.7680e-02      1.685    1480.01     51.341     4.9426 109.376283    6.74359     79.768     1.1652  33.901133  0.000e+00
     79.030     7.7509    32.7231    25.5218 8.5470e-02      1.714    1480.01     51.334     4.9419 109.376284    6.74360     79.797     1.1652  33.901194  0.000e+00
     79.030     7.7514    32.7230    25.5217 8.5470e-02      1.700    1480.01     51.327     4.9412 109.376284    6.74352     79.797     1.1652  33.901620  0.000e+00
     79.063     7.7518    32.7230    25.5216 8.5470e-02      1.714    1480.02     51.320     4.9404 109.376285    6.74346     79.830     1.1957  33.901985  0.000e+00
     79.079     7.7525    32.7233    25.5217 9.7680e-02      1.736    1480.02     51.313     4.9397 109.376285    6.74335     79.847     1.1652  33.902776  0.000e+00
     79.091     7.7521    32.7239    25.5222 9.7680e-02      1.707    1480.02     51.306     4.9390 109.376286    6.74338     79.858     1.1957  33.903019  0.000e+00
     79.110     7.7522    32.7240    25.5223 8.5470e-02      1.663    1480.02     51.310     4.9394 109.376286    6.74336     79.878     1.1957  33.903202  0.000e+00
     79.128     7.7522    32.7243    25.5225 8.5470e-02      1.641    1480.02     51.303     4.9387 109.376287    6.74334     79.896     1.1652  33.903506  0.000e+00
     79.128     7.7518    32.7242    25.5226 8.5470e-02      1.619    1480.02     51.308     4.9392 109.376287    6.74341     79.896     1.1652  33.903141  0.000e+00
     79.170     7.7520    32.7239    25.5223 8.5470e-02      1.612    1480.02     51.302     4.9386 109.376288    6.74340     79.939     1.1652  33.903019  0.000e+00
     79.175     7.7518    32.7235    25.5220 8.5470e-02      1.597    1480.02     51.295     4.9381 109.376288    6.74344     79.944     1.1957  33.902472  0.000e+00
     79.188     7.7510    32.7237    25.5222 8.5470e-02      1.612    1480.02     51.301     4.9386 109.376289    6.74356     79.957     1.1957  33.901925  0.000e+00
     79.219     7.7504    32.7241    25.5226 8.5470e-02      1.626    1480.02     51.295     4.9381 109.376289    6.74363     79.988     1.1957  33.901803  0.000e+00
     79.224     7.7513    32.7257    25.5238 8.5470e-02      1.648    1480.02     51.289     4.9374 109.376290    6.74343     79.993     1.1957  33.904054  0.000e+00
     79.236     7.7536    32.7270    25.5245 8.5470e-02      1.641    1480.03     51.283     4.9365 109.376290    6.74301     80.004     1.1957  33.907338  0.000e+00
     79.255     7.7553    32.7273    25.5244 8.5470e-02      1.626    1480.04     51.354     4.9432 109.376291    6.74273     80.024     1.1957  33.909102  0.000e+00
     79.273     7.7564    32.7261    25.5234 8.5470e-02      1.626    1480.04     51.370     4.9446 109.376291    6.74261     80.042     1.1957  33.908981  0.000e+00
     79.296     7.7566    32.7255    25.5229 8.5470e-02      1.641    1480.04     51.374     4.9450 109.376291    6.74260     80.065     1.1652  33.908616  0.000e+00
