ctd/data/2024/seabird/Lysakerfj_BN1_B.cnv
* Sea-Bird SBE 9 Data File:
* FileName = C:\CTD Brukere\UiO Kurs\Geo kurs 2024\Lysakerfj_BN1_B.hex
* Software Version Seasave V 7.26.7.121
* Temperature SN = 5352
* Conductivity SN = 3840
* Number of Bytes Per Scan = 38
* Number of Voltage Words = 5
* Number of Scans Averaged by the Deck Unit = 1
* NMEA Latitude = 59 52.84 N
* NMEA Longitude = 010 38.77 E
* NMEA UTC (Time) = Apr 18 2024 08:58:18
* NMEA baud rate = 4800
** Ship: R/V Trygve Braarud
** Cruise:
** Station:
** Operator:
# nquan = 15
# nvalues = 4640                                  
# units = specified
# name 0 = depSM: Depth [salt water, m]
# name 1 = t090C: Temperature [ITS-90, deg C]
# name 2 = sal00: Salinity, Practical [PSU]
# name 3 = sigma-t00: Density [sigma-t, kg/m^3 ]
# name 4 = flSP: Fluorescence, Seapoint
# name 5 = seaTurbMtr: Turbidity, Seapoint [FTU]
# name 6 = svCM: Sound Velocity [Chen-Millero, m/s]
# name 7 = sbeox0PS: Oxygen, SBE 43 [% saturation]
# name 8 = sbeox0Mg/L: Oxygen, SBE 43 [mg/l]
# name 9 = timeJ: Julian Days
# name 10 = oxsatML/L: Oxygen Saturation, Weiss [ml/l]
# name 11 = prDM: Pressure, Digiquartz [db]
# name 12 = wetStar: Fluorescence, WET Labs WETstar [mg/m^3]
# name 13 = c0mS/cm: Conductivity [mS/cm]
# name 14 = flag:  0.000e+00
# span 0 =      0.229,     80.989                 
# span 1 =     3.9034,     7.8363                 
# span 2 =    20.2285,    32.7285                 
# span 3 =    15.8753,    25.5247                 
# span 4 = 0.0000e+00, 1.5751e+00                 
# span 5 =      0.938,      6.886                 
# span 6 =    1455.61,    1480.11                 
# span 7 =     44.319,     86.912                 
# span 8 =     4.6282,     9.4022                 
# span 9 = 109.374433, 109.376670                 
# span 10 =    6.73175,    7.69348                
# span 11 =      0.231,     81.775                
# span 12 =    -0.3000,     3.6988                
# span 13 =  21.052801,  33.944661                
# span 14 = 0.0000e+00, 0.0000e+00                
# interval = seconds: 0.0416667
# start_time = Apr 18 2024 08:59:11 [System UTC, first data scan.]
# bad_flag = -9.990e-29
*END*
[from data line 2796]
     56.282     7.7929    32.7135    25.5082 8.5470e-02      1.516    1479.78     49.310     4.7428 109.375781    6.73750     56.825     1.2263  33.919122  0.000e+00
     56.303     7.7916    32.7137    25.5086 8.5470e-02      1.480    1479.78     49.243     4.7365 109.375782    6.73769     56.846     1.2263  33.918148  0.000e+00
     56.318     7.7907    32.7139    25.5089 8.5470e-02      1.465    1479.78     49.240     4.7363 109.375782    6.73783     56.861     1.1957  33.917540  0.000e+00
     56.342     7.7907    32.7144    25.5093 9.7680e-02      1.465    1479.78     49.237     4.7360 109.375783    6.73781     56.886     1.1957  33.918027  0.000e+00
     56.363     7.7915    32.7149    25.5096 9.7680e-02      1.465    1479.78     49.233     4.7355 109.375783    6.73766     56.907     1.1957  33.919244  0.000e+00
     56.391     7.7923    32.7146    25.5092 9.7680e-02      1.458    1479.79     49.304     4.7422 109.375784    6.73755     56.935     1.1957  33.919609  0.000e+00
     56.410     7.7935    32.7133    25.5080 8.5470e-02      1.451    1479.79     49.231     4.7352 109.375784    6.73741     56.955     1.1957  33.919487  0.000e+00
     56.438     7.7923    32.7127    25.5077 8.5470e-02      1.458    1479.78     49.224     4.7346 109.375785    6.73763     56.983     1.1652  33.917905  0.000e+00
     56.462     7.7896    32.7130    25.5083 8.5470e-02      1.487    1479.77     49.227     4.7352 109.375785    6.73804     57.007     1.1957  33.915777  0.000e+00
     56.471     7.7878    32.7130    25.5086 8.5470e-02      1.502    1479.77     49.306     4.7430 109.375786    6.73832     57.015     1.1957  33.914256  0.000e+00
     56.498     7.7870    32.7127    25.5085 8.5470e-02      1.495    1479.76     49.231     4.7358 109.375786    6.73845     57.043     1.1957  33.913283  0.000e+00
     56.519     7.7867    32.7126    25.5084 8.5470e-02      1.480    1479.76     49.308     4.7433 109.375787    6.73851     57.065     1.1957  33.912857  0.000e+00
     56.547     7.7860    32.7121    25.5082 8.5470e-02      1.487    1479.76     49.231     4.7360 109.375787    6.73863     57.093     1.1957  33.911884  0.000e+00
     56.558     7.7848    32.7116    25.5079 8.5470e-02      1.487    1479.76     49.295     4.7423 109.375788    6.73885     57.104     1.1652  33.910302  0.000e+00
     56.579     7.7832    32.7127    25.5090 8.5470e-02      1.495    1479.75     49.216     4.7348 109.375788    6.73905     57.125     1.1957  33.909937  0.000e+00
     56.607     7.7823    32.7141    25.5102 8.5470e-02      1.509    1479.75     49.289     4.7419 109.375788    6.73912     57.153     1.1957  33.910485  0.000e+00
     56.628     7.7829    32.7139    25.5100 8.5470e-02      1.597    1479.75     49.219     4.7351 109.375789    6.73904     57.175     1.1957  33.910850  0.000e+00
     56.643     7.7830    32.7125    25.5089 8.5470e-02      1.722    1479.75     49.214     4.7346 109.375789    6.73908     57.189     1.1652  33.909694  0.000e+00
     56.664     7.7822    32.7124    25.5090 8.5470e-02      1.707    1479.75     49.209     4.7342 109.375790    6.73920     57.211     1.1652  33.908904  0.000e+00
     56.679     7.7809    32.7128    25.5094 8.5470e-02      1.663    1479.74     49.280     4.7412 109.375790    6.73940     57.226     1.1957  33.908052  0.000e+00
     56.703     7.7795    32.7135    25.5102 8.5470e-02      1.619    1479.74     49.284     4.7417 109.375791    6.73958     57.250     1.1957  33.907566  0.000e+00
     56.736     7.7801    32.7139    25.5104 8.5470e-02      1.575    1479.74     49.287     4.7420 109.375791    6.73947     57.283     1.1957  33.908418  0.000e+00
     56.752     7.7814    32.7135    25.5099 8.5470e-02      1.546    1479.75     49.289     4.7420 109.375792    6.73928     57.299     1.1652  33.909208  0.000e+00
     56.771     7.7814    32.7139    25.5102 8.5470e-02      1.553    1479.75     49.291     4.7422 109.375792    6.73927     57.319     1.1652  33.909573  0.000e+00
     56.799     7.7825    32.7144    25.5104 8.5470e-02      1.604    1479.75     49.291     4.7421 109.375793    6.73907     57.347     1.1957  33.911033  0.000e+00
     56.809     7.7844    32.7124    25.5086 8.5470e-02      1.590    1479.76     49.291     4.7419 109.375793    6.73886     57.357     1.1957  33.910851  0.000e+00
     56.836     7.7837    32.7116    25.5081 8.5470e-02      1.597    1479.76     49.290     4.7419 109.375794    6.73902     57.385     1.1957  33.909452  0.000e+00
     56.848     7.7822    32.7130    25.5094 8.5470e-02      1.656    1479.75     49.299     4.7429 109.375794    6.73919     57.396     1.1957  33.909452  0.000e+00
     56.880     7.7833    32.7158    25.5114 8.5470e-02      1.663    1479.76     49.296     4.7424 109.375795    6.73889     57.429     1.2263  33.913102  0.000e+00
     56.897     7.7896    32.7132    25.5085 8.5470e-02      1.678    1479.78     49.292     4.7414 109.375795    6.73803     57.446     1.1957  33.916143  0.000e+00
     56.916     7.7918    32.7093    25.5051 1.0989e-01      1.678    1479.79     49.287     4.7409 109.375796    6.73786     57.465     1.1957  33.914439  0.000e+00
     56.932     7.7884    32.7080    25.5046 1.0989e-01      1.634    1479.77     49.294     4.7419 109.375796    6.73843     57.482     1.1957  33.910364  0.000e+00
     56.965     7.7835    32.7096    25.5066 9.7680e-02      1.619    1479.76     49.300     4.7430 109.375797    6.73913     57.514     1.2263  33.907505  0.000e+00
     56.979     7.7803    32.7117    25.5087 9.7680e-02      1.612    1479.75     49.370     4.7500 109.375797    6.73953     57.529     1.1957  33.906715  0.000e+00
     57.001     7.7803    32.7138    25.5103 8.5470e-02      1.590    1479.75     49.297     4.7429 109.375798    6.73944     57.551     1.1957  33.908662  0.000e+00
     57.028     7.7807    32.7139    25.5103 8.5470e-02      1.582    1479.75     49.289     4.7421 109.375798    6.73938     57.579     1.1957  33.909088  0.000e+00
     57.041     7.7801    32.7134    25.5100 8.5470e-02      1.568    1479.75     49.367     4.7497 109.375799    6.73949     57.592     1.1957  33.908114  0.000e+00
     57.061     7.7795    32.7144    25.5109 8.5470e-02      1.538    1479.75     49.303     4.7435 109.375799    6.73954     57.611     1.1652  33.908540  0.000e+00
     57.088     7.7801    32.7140    25.5105 8.5470e-02      1.524    1479.75     49.303     4.7435 109.375800    6.73946     57.639     1.1957  33.908723  0.000e+00
     57.110     7.7804    32.7130    25.5097 8.5470e-02      1.568    1479.75     49.380     4.7509 109.375800    6.73946     57.661     1.1957  33.908054  0.000e+00
     57.137     7.7793    32.7131    25.5099 8.5470e-02      1.612    1479.75     49.390     4.7520 109.375801    6.73963     57.689     1.1957  33.907141  0.000e+00
     57.145     7.7790    32.7136    25.5103 8.5470e-02      1.590    1479.75     49.388     4.7518 109.375801    6.73965     57.697     1.1957  33.907385  0.000e+00
     57.184     7.7786    32.7134    25.5102 8.5470e-02      1.553    1479.74     49.385     4.7515 109.375802    6.73972     57.736     1.1957  33.906838  0.000e+00
     57.194     7.7776    32.7126    25.5097 8.5470e-02      1.546    1479.74     49.391     4.7523 109.375802    6.73992     57.746     1.1652  33.905195  0.000e+00
     57.222     7.7761    32.7129    25.5102 8.5470e-02      1.538    1479.74     49.397     4.7530 109.375802    6.74012     57.774     1.1652  33.904283  0.000e+00
     57.241     7.7752    32.7134    25.5107 8.5470e-02      1.509    1479.73     49.390     4.7524 109.375803    6.74025     57.794     1.1652  33.903918  0.000e+00
     57.269     7.7743    32.7131    25.5106 8.5470e-02      1.502    1479.73     49.382     4.7518 109.375803    6.74040     57.822     1.1957  33.902884  0.000e+00
     57.290     7.7737    32.7131    25.5107 8.5470e-02      1.524    1479.73     49.384     4.7520 109.375804    6.74049     57.843     1.1957  33.902398  0.000e+00
     57.318     7.7734    32.7131    25.5107 8.5470e-02      1.553    1479.73     49.386     4.7522 109.375804    6.74054     57.871     1.1652  33.902094  0.000e+00
     57.326     7.7736    32.7129    25.5105 8.5470e-02      1.531    1479.73     49.397     4.7532 109.375805    6.74052     57.879     1.1957  33.902033  0.000e+00
     57.366     7.7730    32.7131    25.5108 8.5470e-02      1.516    1479.73     49.473     4.7606 109.375805    6.74061     57.920     1.1957  33.901729  0.000e+00
     57.375     7.7731    32.7129    25.5106 8.5470e-02      1.495    1479.73     49.482     4.7615 109.375806    6.74060     57.928     1.1957  33.901668  0.000e+00
     57.402     7.7728    32.7125    25.5103 8.5470e-02      1.502    1479.73     49.490     4.7623 109.375806    6.74066     57.956     1.1957  33.900999  0.000e+00
     57.422     7.7717    32.7130    25.5109 8.5470e-02      1.502    1479.72     49.420     4.7557 109.375807    6.74081     57.976     1.1957  33.900513  0.000e+00
     57.438     7.7713    32.7134    25.5113 8.5470e-02      1.495    1479.72     49.502     4.7636 109.375807    6.74085     57.992     1.1957  33.900635  0.000e+00
     57.471     7.7716    32.7140    25.5117 8.5470e-02      1.509    1479.72     49.507     4.7640 109.375808    6.74078     58.025     1.1957  33.901486  0.000e+00
     57.498     7.7721    32.7140    25.5116 8.5470e-02      1.531    1479.73     49.510     4.7643 109.375808    6.74070     58.053     1.1957  33.901912  0.000e+00
     57.506     7.7727    32.7136    25.5112 8.5470e-02      1.524    1479.73     49.512     4.7644 109.375809    6.74063     58.061     1.1957  33.901973  0.000e+00
     57.534     7.7731    32.7140    25.5114 8.5470e-02      1.509    1479.73     49.524     4.7655 109.375809    6.74055     58.089     1.1957  33.902703  0.000e+00
     57.566     7.7740    32.7147    25.5119 8.5470e-02      1.524    1479.74     49.523     4.7653 109.375810    6.74037     58.122     1.1652  33.904284  0.000e+00
     57.570     7.7749    32.7142    25.5114 8.5470e-02      1.538    1479.74     49.533     4.7662 109.375810    6.74026     58.125     1.1652  33.904528  0.000e+00
     57.615     7.7748    32.7136    25.5109 8.5470e-02      1.568    1479.74     49.530     4.7660 109.375811    6.74030     58.171     1.1957  33.903920  0.000e+00
     57.618     7.7747    32.7136    25.5109 8.5470e-02      1.619    1479.74     49.538     4.7667 109.375811    6.74032     58.175     1.1957  33.903798  0.000e+00
     57.662     7.7750    32.7138    25.5111 8.5470e-02      1.626    1479.74     49.533     4.7662 109.375812    6.74026     58.219     1.1957  33.904285  0.000e+00
     57.679     7.7754    32.7138    25.5110 8.5470e-02      1.597    1479.74     49.538     4.7666 109.375812    6.74020     58.235     1.1957  33.904650  0.000e+00
     57.687     7.7761    32.7139    25.5110 9.7680e-02      1.568    1479.74     49.531     4.7658 109.375813    6.74008     58.244     1.1957  33.905440  0.000e+00
     57.739     7.7767    32.7146    25.5114 8.5470e-02      1.560    1479.75     49.523     4.7650 109.375813    6.73996     58.296     1.1957  33.906596  0.000e+00
     57.736     7.7770    32.7145    25.5113 8.5470e-02      1.538    1479.75     49.513     4.7640 109.375814    6.73992     58.293     1.1957  33.906718  0.000e+00
     57.775     7.7764    32.7144    25.5113 8.5470e-02      1.516    1479.75     49.513     4.7641 109.375814    6.74001     58.332     1.1957  33.906171  0.000e+00
     57.796     7.7766    32.7138    25.5108 8.5470e-02      1.516    1479.75     49.589     4.7713 109.375815    6.74002     58.354     1.1957  33.905745  0.000e+00
     57.823     7.7761    32.7139    25.5110 8.5470e-02      1.524    1479.75     49.597     4.7722 109.375815    6.74008     58.381     1.1957  33.905441  0.000e+00
     57.832     7.7763    32.7154    25.5121 8.5470e-02      1.509    1479.75     49.605     4.7729 109.375815    6.73999     58.390     1.1957  33.907022  0.000e+00
     57.872     7.7781    32.7153    25.5118 8.5470e-02      1.502    1479.76     49.534     4.7659 109.375816    6.73973     58.431     1.1957  33.908421  0.000e+00
     57.892     7.7792    32.7153    25.5117 8.5470e-02      1.502    1479.76     49.605     4.7726 109.375816    6.73955     58.450     1.1957  33.909456  0.000e+00
     57.908     7.7795    32.7145    25.5109 8.5470e-02      1.516    1479.76     49.608     4.7729 109.375817    6.73954     58.467     1.1957  33.908969  0.000e+00
     57.927     7.7796    32.7144    25.5108 8.5470e-02      1.524    1479.76     49.611     4.7731 109.375817    6.73953     58.487     1.1652  33.908969  0.000e+00
     57.963     7.7806    32.7142    25.5106 8.5470e-02      1.524    1479.77     49.612     4.7731 109.375818    6.73938     58.523     1.1957  33.909699  0.000e+00
     57.979     7.7809    32.7145    25.5107 8.5470e-02      1.531    1479.77     49.611     4.7730 109.375818    6.73932     58.539     1.1957  33.910246  0.000e+00
     58.001     7.7829    32.7139    25.5100 8.5470e-02      1.553    1479.78     49.609     4.7727 109.375819    6.73904     58.560     1.1957  33.911463  0.000e+00
     58.017     7.7835    32.7145    25.5104 8.5470e-02      1.553    1479.78     49.606     4.7723 109.375819    6.73892     58.577     1.1957  33.912558  0.000e+00
     58.048     7.7838    32.7131    25.5092 8.5470e-02      1.546    1479.78     49.602     4.7719 109.375820    6.73893     58.608     1.1957  33.911524  0.000e+00
     58.064     7.7821    32.7132    25.5095 8.5470e-02      1.524    1479.77     49.673     4.7789 109.375820    6.73920     58.624     1.1957  33.910064  0.000e+00
     58.097     7.7809    32.7136    25.5101 8.5470e-02      1.509    1479.77     49.687     4.7804 109.375821    6.73936     58.657     1.1957  33.909456  0.000e+00
     58.113     7.7808    32.7148    25.5110 8.5470e-02      1.495    1479.77     49.689     4.7806 109.375821    6.73933     58.674     1.1957  33.910490  0.000e+00
     58.144     7.7814    32.7166    25.5123 9.7680e-02      1.495    1479.78     49.613     4.7731 109.375822    6.73915     58.705     1.1957  33.912741  0.000e+00
     58.168     7.7844    32.7174    25.5125 8.5470e-02      1.502    1479.79     49.688     4.7800 109.375822    6.73865     58.730     1.1957  33.916148  0.000e+00
     58.197     7.7870    32.7158    25.5109 8.5470e-02      1.509    1479.80     49.686     4.7795 109.375823    6.73832     58.759     1.2263  33.916878  0.000e+00
     58.204     7.7857    32.7143    25.5099 8.5470e-02      1.524    1479.79     49.681     4.7793 109.375823    6.73858     58.766     1.1957  33.914383  0.000e+00
     58.233     7.7838    32.7141    25.5100 8.5470e-02      1.531    1479.78     49.687     4.7800 109.375824    6.73888     58.795     1.1957  33.912559  0.000e+00
     58.264     7.7830    32.7135    25.5097 8.5470e-02      1.612    1479.78     49.691     4.7805 109.375824    6.73903     58.826     1.1957  33.911281  0.000e+00
     58.282     7.7823    32.7137    25.5099 8.5470e-02      1.648    1479.78     49.693     4.7808 109.375825    6.73914     58.845     1.1957  33.910856  0.000e+00
     58.313     7.7819    32.7137    25.5100 8.5470e-02      1.604    1479.78     49.694     4.7809 109.375825    6.73920     58.876     1.1957  33.910491  0.000e+00
     58.324     7.7817    32.7142    25.5104 8.5470e-02      1.560    1479.78     49.694     4.7809 109.375826    6.73921     58.887     1.1957  33.910795  0.000e+00
     58.353     7.7819    32.7147    25.5107 8.5470e-02      1.546    1479.78     49.692     4.7807 109.375826    6.73916     58.917     1.1957  33.911403  0.000e+00
     58.384     7.7820    32.7151    25.5111 8.5470e-02      1.538    1479.78     49.689     4.7804 109.375827    6.73912     58.948     1.2263  33.911951  0.000e+00
