ctd/data/2024/seabird/Lysakerfj_geokurs.cnv
* Sea-Bird SBE 9 Data File:
* FileName = C:\CTD Brukere\UiO Kurs\Geo kurs 2024\Lysakerfj_geokurs.hex
* Software Version Seasave V 7.26.7.121
* Temperature SN = 5352
* Conductivity SN = 3840
* Number of Bytes Per Scan = 38
* Number of Voltage Words = 5
* Number of Scans Averaged by the Deck Unit = 1
* NMEA Latitude = 59 54.30 N
* NMEA Longitude = 010 38.99 E
* NMEA UTC (Time) = Apr 18 2024 06:38:06
* NMEA baud rate = 4800
** Ship: R/V Trygve Braarud
** Cruise:
** Station:
** Operator:
# nquan = 15
# nvalues = 3173                                  
# units = specified
# name 0 = depSM: Depth [salt water, m]
# name 1 = t090C: Temperature [ITS-90, deg C]
# name 2 = sal00: Salinity, Practical [PSU]
# name 3 = sigma-t00: Density [sigma-t, kg/m^3 ]
# name 4 = flSP: Fluorescence, Seapoint
# name 5 = seaTurbMtr: Turbidity, Seapoint [FTU]
# name 6 = svCM: Sound Velocity [Chen-Millero, m/s]
# name 7 = sbeox0PS: Oxygen, SBE 43 [% saturation]
# name 8 = sbeox0Mg/L: Oxygen, SBE 43 [mg/l]
# name 9 = timeJ: Julian Days
# name 10 = oxsatML/L: Oxygen Saturation, Weiss [ml/l]
# name 11 = prDM: Pressure, Digiquartz [db]
# name 12 = wetStar: Fluorescence, WET Labs WETstar [mg/m^3]
# name 13 = c0mS/cm: Conductivity [mS/cm]
# name 14 = flag:  0.000e+00
# span 0 =      0.202,     32.591                 
# span 1 =     3.8887,     7.2534                 
# span 2 =    18.9241,    32.0936                 
# span 3 =    14.9052,    25.0961                 
# span 4 = 9.7680e-02, 3.1136e+00                 
# span 5 =      1.004,     16.630                 
# span 6 =    1452.84,    1476.54                 
# span 7 =     46.714,     86.244                 
# span 8 =     4.5673,     9.4106                 
# span 9 = 109.276586, 109.278115                 
# span 10 =    6.84957,    7.76526                
# span 11 =      0.204,     32.904                
# span 12 =     1.4705,     4.5840                
# span 13 =  19.436917,  32.864643                
# span 14 = 0.0000e+00, 0.0000e+00                
# interval = seconds: 0.0416667
# start_time = Apr 18 2024 06:38:17 [System UTC, first data scan.]
# bad_flag = -9.990e-29
*END*
[from data line 290]
      0.239     5.6609    18.9952    14.9620 8.1807e-01      1.480    1453.20     84.211     9.3217 109.276726    7.74945      0.242     4.4314  19.532032  0.000e+00
      0.249     5.6584    19.0183    14.9804 8.1807e-01      1.495    1453.22     84.292     9.3298 109.276726    7.74876      0.251     4.4314  19.552463  0.000e+00
      0.239     5.6445    19.0543    15.0099 8.1807e-01      1.531    1453.20     84.310     9.3327 109.276726    7.74958      0.242     4.4314  19.579000  0.000e+00
      0.239     5.6283    19.0760    15.0283 8.3028e-01      1.575    1453.16     84.250     9.3284 109.276727    7.75156      0.242     4.4314  19.590798  0.000e+00
      0.251     5.6261    19.0654    15.0202 8.3028e-01      1.612    1453.14     84.328     9.3383 109.276727    7.75252      0.253     4.4314  19.579650  0.000e+00
      0.238     5.6252    19.0412    15.0012 8.3028e-01      1.641    1453.11     84.340     9.3413 109.276728    7.75393      0.240     4.4314  19.556362  0.000e+00
      0.239     5.6171    19.0159    14.9819 8.1807e-01      1.663    1453.04     84.353     9.3461 109.276728    7.75675      0.242     4.4009  19.528289  0.000e+00
      0.239     5.6032    18.9964    14.9677 7.9365e-01      1.648    1452.96     84.366     9.3520 109.276729    7.76040      0.242     4.4009  19.502526  0.000e+00
      0.239     5.6058    18.9796    14.9542 7.6923e-01      1.612    1452.95     84.375     9.3533 109.276729    7.76077      0.242     4.4009  19.488000  0.000e+00
      0.238     5.6162    18.9689    14.9450 7.4481e-01      1.582    1452.98     84.380     9.3522 109.276730    7.75932      0.240     4.4009  19.483508  0.000e+00
      0.239     5.6296    18.9643    14.9402 7.4481e-01      1.575    1453.03     84.383     9.3498 109.276730    7.75700      0.242     4.4314  19.486252  0.000e+00
      0.239     5.6430    18.9690    14.9428 8.0586e-01      1.575    1453.09     84.386     9.3467 109.276731    7.75420      0.242     4.4314  19.497831  0.000e+00
      0.239     5.6537    18.9852    14.9547 8.5470e-01      1.560    1453.16     84.465     9.3521 109.276731    7.75135      0.242     4.4009  19.518699  0.000e+00
      0.238     5.6467    19.0158    14.9794 8.6691e-01      1.546    1453.16     84.482     9.3536 109.276732    7.75112      0.240     4.4314  19.543871  0.000e+00
      0.228     5.6298    19.0487    15.0067 8.5470e-01      1.538    1453.14     84.500     9.3574 109.276732    7.75267      0.230     4.4009  19.565906  0.000e+00
      0.239     5.6259    19.0659    15.0206 9.2796e-01      1.531    1453.14     84.513     9.3587 109.276733    7.75254      0.242     4.4314  19.580000  0.000e+00
      0.239     5.6241    19.0699    15.0239 9.5238e-01      1.524    1453.14     84.524     9.3601 109.276733    7.75268      0.242     4.4314  19.582800  0.000e+00
      0.238     5.6326    19.0597    15.0151 8.9133e-01      1.509    1453.16     84.531     9.3596 109.276734    7.75158      0.240     4.4314  19.577701  0.000e+00
      0.228     5.6489    19.0482    15.0048 8.5470e-01      1.495    1453.21     84.535     9.3570 109.276734    7.74905      0.230     4.4314  19.575600  0.000e+00
      0.239     5.6649    19.0550    15.0088 9.1575e-01      1.487    1453.29     84.537     9.3532 109.276735    7.74567      0.242     4.4314  19.590496  0.000e+00
      0.239     5.6824    19.0844    15.0305 9.2796e-01      1.487    1453.40     84.538     9.3474 109.276735    7.74083      0.242     4.4314  19.627601  0.000e+00
      0.226     5.6998    19.1218    15.0586 8.6691e-01      1.509    1453.52     84.549     9.3423 109.276736    7.73562      0.229     4.4314  19.672189  0.000e+00
      0.239     5.7071    19.1720    15.0975 7.9365e-01      1.538    1453.61     84.626     9.3461 109.276736    7.73170      0.242     4.4314  19.723424  0.000e+00
      0.228     5.7086    19.2324    15.1450 7.8144e-01      1.553    1453.70     84.561     9.3348 109.276737    7.72837      0.230     4.4314  19.781122  0.000e+00
      0.228     5.7070    19.2791    15.1819 7.8144e-01      1.568    1453.75     84.637     9.3408 109.276737    7.72630      0.230     4.4314  19.824319  0.000e+00
      0.226     5.7030    19.3064    15.2038 8.3028e-01      1.604    1453.77     84.647     9.3410 109.276738    7.72567      0.229     4.4619  19.847963  0.000e+00
      0.239     5.6998    19.3126    15.2089 8.9133e-01      1.619    1453.76     84.655     9.3422 109.276738    7.72596      0.242     4.4314  19.852031  0.000e+00
      0.228     5.6995    19.3011    15.1998 8.6691e-01      1.612    1453.74     84.660     9.3436 109.276739    7.72660      0.230     4.4619  19.841035  0.000e+00
      0.228     5.6987    19.2874    15.1892 8.0586e-01      1.597    1453.72     84.663     9.3449 109.276739    7.72745      0.230     4.4924  19.827733  0.000e+00
      0.238     5.6982    19.2799    15.1833 7.3260e-01      1.590    1453.71     84.664     9.3456 109.276739    7.72792      0.240     4.4924  19.820405  0.000e+00
      0.228     5.6986    19.2763    15.1804 7.0818e-01      1.590    1453.71     84.663     9.3457 109.276740    7.72804      0.230     4.5230  19.817143  0.000e+00
      0.228     5.6994    19.2757    15.1798 6.9597e-01      1.582    1453.71     84.672     9.3465 109.276740    7.72792      0.230     4.5535  19.816993  0.000e+00
      0.239     5.6994    19.2820    15.1849 6.7155e-01      1.553    1453.72     84.680     9.3470 109.276741    7.72759      0.242     4.5535  19.823015  0.000e+00
      0.226     5.6957    19.2930    15.1938 6.5934e-01      1.524    1453.72     84.687     9.3479 109.276741    7.72773      0.229     4.5840  19.831397  0.000e+00
      0.239     5.6843    19.3062    15.2052 6.5934e-01      1.487    1453.69     84.683     9.3492 109.276742    7.72923      0.242     4.5535  19.837673  0.000e+00
      0.228     5.6635    19.3139    15.2130 6.8376e-01      1.465    1453.61     84.679     9.3531 109.276742    7.73280      0.230     4.5535  19.833658  0.000e+00
      0.228     5.6524    19.2850    15.1911 8.4249e-01      1.458    1453.53     84.683     9.3578 109.276743    7.73637      0.230     4.5535  19.800488  0.000e+00
      0.202     5.6378    19.2307    15.1495 9.6459e-01      1.473    1453.40     84.763     9.3734 109.276743    7.74189      0.204     4.5230  19.741519  0.000e+00
      0.204     5.6457    19.1565    15.0904 9.8901e-01      1.509    1453.34     84.758     9.3757 109.276744    7.74416      0.206     4.5230  19.675897  0.000e+00
      0.239     5.6345    19.1046    15.0504 9.5238e-01      1.560    1453.23     84.756     9.3812 109.276744    7.74893      0.242     4.4924  19.621052  0.000e+00
      0.239     5.6395    19.0379    14.9974 9.5238e-01      1.590    1453.16     84.759     9.3846 109.276745    7.75136      0.242     4.4924  19.560908  0.000e+00
      0.228     5.6554    18.9797    14.9503 9.8901e-01      1.590    1453.16     84.680     9.3758 109.276745    7.75130      0.230     4.4924  19.514454  0.000e+00
      0.262     5.6636    18.9711    14.9428 9.4017e-01      1.568    1453.18     84.745     9.3817 109.276746    7.75017      0.265     4.4619  19.510709  0.000e+00
      0.239     5.6647    19.0090    14.9726 8.5470e-01      1.538    1453.23     84.743     9.3789 109.276746    7.74803      0.242     4.4619  19.547067  0.000e+00
      0.239     5.6647    19.0751    15.0246 8.0586e-01      1.531    1453.31     84.740     9.3744 109.276747    7.74468      0.242     4.4619  19.609346  0.000e+00
      0.275     5.6677    19.1217    15.0611 8.5470e-01      1.531    1453.39     84.735     9.3703 109.276747    7.74174      0.278     4.4314  19.654872  0.000e+00
      0.273     5.6725    19.1529    15.0853 8.7912e-01      1.531    1453.45     84.727     9.3663 109.276748    7.73925      0.276     4.4314  19.686861  0.000e+00
      0.324     5.6785    19.1741    15.1015 8.4249e-01      1.509    1453.50     84.717     9.3626 109.276748    7.73703      0.327     4.4009  19.710049  0.000e+00
      0.324     5.6837    19.1907    15.1142 8.3028e-01      1.473    1453.54     84.717     9.3604 109.276749    7.73520      0.327     4.4314  19.728486  0.000e+00
      0.299     5.6902    19.2163    15.1338 7.9365e-01      1.465    1453.60     84.703     9.3557 109.276749    7.73268      0.302     4.4314  19.756102  0.000e+00
      0.345     5.6970    19.2487    15.1588 8.1807e-01      1.487    1453.67     84.700     9.3518 109.276750    7.72973      0.348     4.4314  19.790352  0.000e+00
      0.346     5.7049    19.2781    15.1813 8.9133e-01      1.516    1453.74     84.695     9.3476 109.276750    7.72675      0.349     4.4314  19.822312  0.000e+00
      0.346     5.7119    19.3186    15.2126 9.0354e-01      1.538    1453.82     84.753     9.3499 109.276751    7.72337      0.349     4.4009  19.864233  0.000e+00
      0.370     5.7179    19.3732    15.2551 8.9133e-01      1.524    1453.91     84.679     9.3370 109.276751    7.71947      0.374     4.4009  19.918949  0.000e+00
      0.369     5.7220    19.4365    15.3047 8.6691e-01      1.502    1454.01     84.669     9.3311 109.276752    7.71549      0.372     4.4009  19.980861  0.000e+00
      0.382     5.7261    19.5016    15.3556 8.7912e-01      1.495    1454.11     84.735     9.3334 109.276752    7.71142      0.385     4.4009  20.044447  0.000e+00
      0.395     5.7291    19.5484    15.3922 8.4249e-01      1.524    1454.18     84.734     9.3297 109.276753    7.70849      0.398     4.3703  20.090101  0.000e+00
      0.395     5.7321    19.5826    15.4189 8.0586e-01      1.509    1454.24     84.731     9.3265 109.276753    7.70620      0.398     4.3703  20.123986  0.000e+00
      0.395     5.7342    19.6163    15.4453 8.3028e-01      1.480    1454.29     84.726     9.3234 109.276753    7.70410      0.398     4.3398  20.156830  0.000e+00
      0.417     5.7350    19.6387    15.4629 9.2796e-01      1.458    1454.32     84.720     9.3212 109.276754    7.70281      0.421     4.3398  20.178433  0.000e+00
      0.419     5.7345    19.6582    15.4783 9.4017e-01      1.451    1454.34     84.712     9.3192 109.276754    7.70193      0.423     4.3703  20.196459  0.000e+00
      0.419     5.7350    19.6771    15.4931 9.0354e-01      1.465    1454.37     84.713     9.3181 109.276755    7.70089      0.423     4.3398  20.214540  0.000e+00
      0.430     5.7369    19.6969    15.5085 9.2796e-01      1.487    1454.40     84.714     9.3165 109.276755    7.69953      0.434     4.3398  20.234193  0.000e+00
      0.453     5.7377    19.7179    15.5251 9.1575e-01      1.495    1454.43     84.713     9.3149 109.276756    7.69832      0.457     4.3398  20.254458  0.000e+00
      0.442     5.7393    19.7345    15.5380 8.9133e-01      1.502    1454.46     84.710     9.3132 109.276756    7.69718      0.446     4.3398  20.270888  0.000e+00
      0.455     5.7420    19.7480    15.5484 8.7912e-01      1.502    1454.49     84.705     9.3112 109.276757    7.69599      0.459     4.3398  20.285148  0.000e+00
      0.455     5.7431    19.7687    15.5646 8.7912e-01      1.502    1454.52     84.700     9.3091 109.276757    7.69474      0.459     4.3398  20.305228  0.000e+00
      0.477     5.7466    19.7961    15.5859 8.1807e-01      1.495    1454.57     84.692     9.3058 109.276758    7.69270      0.482     4.3093  20.332956  0.000e+00
      0.464     5.7529    19.8311    15.6129 7.9365e-01      1.524    1454.64     84.682     9.3011 109.276758    7.68974      0.469     4.3398  20.369356  0.000e+00
      0.466     5.7535    19.8672    15.6414 8.3028e-01      1.546    1454.69     84.672     9.2977 109.276759    7.68781      0.470     4.3398  20.403701  0.000e+00
      0.477     5.7578    19.8884    15.6577 8.9133e-01      1.524    1454.73     84.660     9.2940 109.276759    7.68593      0.482     4.3398  20.426000  0.000e+00
      0.502     5.7646    19.9037    15.6691 9.1575e-01      1.509    1454.78     84.658     9.2914 109.276760    7.68389      0.506     4.3398  20.444148  0.000e+00
      0.573     5.7650    19.9311    15.6907 9.0354e-01      1.685    1454.82     84.723     9.2966 109.276760    7.68244      0.578     4.3093  20.470165  0.000e+00
      0.597     5.7645    19.9538    15.7086 8.7912e-01      4.769    1454.84     84.731     9.2963 109.276761    7.68138      0.603     4.2788  20.491270  0.000e+00
      0.705     5.7694    19.9627    15.7152 8.9133e-01     15.883    1454.88     84.661     9.2869 109.276761    7.68001      0.712     4.2482  20.502434  0.000e+00
      0.633     5.7744    19.9779    15.7267 9.2796e-01     16.630    1454.91     84.653     9.2840 109.276762    7.67831      0.639     4.2788  20.519438  0.000e+00
      0.633     5.7794    20.0149    15.7554 9.4017e-01     11.839    1454.98     84.645     9.2797 109.276762    7.67551      0.639     4.2482  20.557015  0.000e+00
      0.668     5.7839    20.0679    15.7968 9.2796e-01      7.758    1455.07     84.713     9.2830 109.276763    7.67201      0.675     4.2482  20.609408  0.000e+00
      0.692     5.7901    20.1083    15.8281 9.4017e-01      5.451    1455.15     84.715     9.2792 109.276763    7.66880      0.699     4.2177  20.650958  0.000e+00
      0.728     5.8124    20.1358    15.8479 9.4017e-01      4.103    1455.27     84.633     9.2636 109.276764    7.66324      0.735     4.1872  20.689327  0.000e+00
      0.777     5.8442    20.2266    15.9165 9.4017e-01      3.238    1455.52     84.691     9.2572 109.276764    7.65273      0.784     4.1567  20.792596  0.000e+00
      0.836     5.8701    20.3993    16.0503 9.7680e-01      2.703    1455.85     84.684     9.2400 109.276765    7.63925      0.844     4.1872  20.969834  0.000e+00
      0.824     5.8862    20.6070    16.2125 1.0745e+00      2.344    1456.17     84.677     9.2229 109.276765    7.62587      0.831     4.1872  21.174453  0.000e+00
      0.836     5.8965    20.7864    16.3528 1.1111e+00      2.088    1456.44     84.670     9.2089 109.276766    7.61501      0.844     4.1872  21.349021  0.000e+00
      0.859     5.9027    20.8851    16.4300 1.0989e+00      1.919    1456.59     84.663     9.2008 109.276766    7.60896      0.867     4.1872  21.445296  0.000e+00
      0.872     5.9077    20.9402    16.4730 1.0989e+00      1.832    1456.68     84.578     9.1870 109.276766    7.60528      0.880     4.1261  21.500037  0.000e+00
      0.895     5.9110    20.9871    16.5095 1.1477e+00      1.766    1456.75     84.570     9.1825 109.276767    7.60233      0.903     4.0651  21.546001  0.000e+00
      0.919     5.9166    21.0235    16.5377 1.1600e+00      1.678    1456.82     84.638     9.1864 109.276767    7.59948      0.928     3.9735  21.583477  0.000e+00
      0.955     5.9223    21.0508    16.5587 1.1477e+00      1.626    1456.88     84.639     9.1837 109.276768    7.59708      0.964     3.9430  21.612399  0.000e+00
      0.979     5.9268    21.0810    16.5821 1.1355e+00      1.663    1456.94     84.640     9.1809 109.276768    7.59474      0.988     3.8514  21.643402  0.000e+00
      0.979     5.9305    21.1208    16.6131 1.0989e+00      1.656    1457.00     84.627     9.1763 109.276769    7.59208      0.988     3.8209  21.682952  0.000e+00
      1.014     5.9343    21.1514    16.6368 1.0989e+00      1.619    1457.06     84.626     9.1734 109.276769    7.58985      1.024     3.8209  21.713937  0.000e+00
      1.014     5.9367    21.1745    16.6548 1.1477e+00      1.560    1457.10     84.623     9.1712 109.276770    7.58827      1.024     3.7904  21.737018  0.000e+00
      1.027     5.9386    21.1958    16.6714 1.1844e+00      1.553    1457.13     84.620     9.1692 109.276770    7.58687      1.037     3.7598  21.758139  0.000e+00
      1.037     5.9408    21.2122    16.6841 1.1844e+00      1.560    1457.16     84.616     9.1672 109.276771    7.58564      1.047     3.7293  21.774814  0.000e+00
