ctd/data/2024/seabird/Lysakerfj_geokurs.cnv
* Sea-Bird SBE 9 Data File:
* FileName = C:\CTD Brukere\UiO Kurs\Geo kurs 2024\Lysakerfj_geokurs.hex
* Software Version Seasave V 7.26.7.121
* Temperature SN = 5352
* Conductivity SN = 3840
* Number of Bytes Per Scan = 38
* Number of Voltage Words = 5
* Number of Scans Averaged by the Deck Unit = 1
* NMEA Latitude = 59 54.30 N
* NMEA Longitude = 010 38.99 E
* NMEA UTC (Time) = Apr 18 2024 06:38:06
* NMEA baud rate = 4800
** Ship: R/V Trygve Braarud
** Cruise:
** Station:
** Operator:
# nquan = 15
# nvalues = 3173                                  
# units = specified
# name 0 = depSM: Depth [salt water, m]
# name 1 = t090C: Temperature [ITS-90, deg C]
# name 2 = sal00: Salinity, Practical [PSU]
# name 3 = sigma-t00: Density [sigma-t, kg/m^3 ]
# name 4 = flSP: Fluorescence, Seapoint
# name 5 = seaTurbMtr: Turbidity, Seapoint [FTU]
# name 6 = svCM: Sound Velocity [Chen-Millero, m/s]
# name 7 = sbeox0PS: Oxygen, SBE 43 [% saturation]
# name 8 = sbeox0Mg/L: Oxygen, SBE 43 [mg/l]
# name 9 = timeJ: Julian Days
# name 10 = oxsatML/L: Oxygen Saturation, Weiss [ml/l]
# name 11 = prDM: Pressure, Digiquartz [db]
# name 12 = wetStar: Fluorescence, WET Labs WETstar [mg/m^3]
# name 13 = c0mS/cm: Conductivity [mS/cm]
# name 14 = flag:  0.000e+00
# span 0 =      0.202,     32.591                 
# span 1 =     3.8887,     7.2534                 
# span 2 =    18.9241,    32.0936                 
# span 3 =    14.9052,    25.0961                 
# span 4 = 9.7680e-02, 3.1136e+00                 
# span 5 =      1.004,     16.630                 
# span 6 =    1452.84,    1476.54                 
# span 7 =     46.714,     86.244                 
# span 8 =     4.5673,     9.4106                 
# span 9 = 109.276586, 109.278115                 
# span 10 =    6.84957,    7.76526                
# span 11 =      0.204,     32.904                
# span 12 =     1.4705,     4.5840                
# span 13 =  19.436917,  32.864643                
# span 14 = 0.0000e+00, 0.0000e+00                
# interval = seconds: 0.0416667
# start_time = Apr 18 2024 06:38:17 [System UTC, first data scan.]
# bad_flag = -9.990e-29
*END*
[from data line 193]
      0.204     5.6217    18.9760    14.9501 9.5238e-01      1.590    1453.01     84.783     9.3951 109.276679    7.75790      0.206     4.5230  19.493140  0.000e+00
      0.215     5.6324    18.9875    14.9583 9.5238e-01      1.604    1453.07     84.839     9.3982 109.276679    7.75527      0.217     4.5230  19.509613  0.000e+00
      0.215     5.6463    18.9984    14.9657 9.5238e-01      1.604    1453.14     84.822     9.3925 109.276680    7.75207      0.217     4.5230  19.527288  0.000e+00
      0.226     5.6601    19.0115    14.9750 9.1575e-01      1.612    1453.22     84.813     9.3874 109.276680    7.74877      0.229     4.4924  19.547017  0.000e+00
      0.204     5.6751    19.0305    14.9887 8.5470e-01      1.619    1453.30     84.797     9.3811 109.276681    7.74495      0.206     4.5230  19.572900  0.000e+00
      0.215     5.6848    19.0684    15.0177 8.0586e-01      1.612    1453.39     84.777     9.3744 109.276681    7.74119      0.217     4.5230  19.613746  0.000e+00
      0.228     5.6916    19.1205    15.0582 7.8144e-01      1.597    1453.48     84.831     9.3755 109.276682    7.73726      0.230     4.4924  19.666533  0.000e+00
      0.213     5.6972    19.1625    15.0908 8.4249e-01      1.568    1453.56     84.748     9.3624 109.276682    7.73407      0.216     4.4924  19.709096  0.000e+00
      0.228     5.6998    19.2080    15.1265 1.1355e+00      1.538    1453.63     84.804     9.3652 109.276683    7.73125      0.230     4.4619  19.753495  0.000e+00
      0.215     5.7029    19.2472    15.1571 1.7949e+00      1.509    1453.69     84.789     9.3604 109.276683    7.72870      0.217     4.4619  19.792057  0.000e+00
      0.228     5.7071    19.2721    15.1764 2.0635e+00      1.495    1453.74     84.768     9.3556 109.276684    7.72663      0.230     4.4314  19.817795  0.000e+00
      0.213     5.7086    19.2935    15.1931 1.9292e+00      1.509    1453.77     84.755     9.3525 109.276684    7.72527      0.216     4.4314  19.838725  0.000e+00
      0.228     5.7038    19.3267    15.2197 1.6361e+00      1.524    1453.79     84.739     9.3497 109.276685    7.72448      0.230     4.4009  19.867548  0.000e+00
      0.215     5.6967    19.3547    15.2424 1.3187e+00      1.524    1453.80     84.796     9.3559 109.276685    7.72442      0.217     4.4314  19.890053  0.000e+00
      0.228     5.6889    19.3679    15.2534 1.0867e+00      1.531    1453.78     84.782     9.3553 109.276685    7.72523      0.230     4.4009  19.898244  0.000e+00
      0.213     5.6820    19.3648    15.2515 9.5238e-01      1.531    1453.75     84.775     9.3563 109.276686    7.72671      0.216     4.4314  19.891562  0.000e+00
      0.228     5.6826    19.3435    15.2347 8.7912e-01      1.531    1453.73     84.761     9.3559 109.276686    7.72767      0.230     4.4314  19.871819  0.000e+00
      0.215     5.6859    19.3163    15.2130 8.6691e-01      1.531    1453.71     84.741     9.3546 109.276687    7.72841      0.217     4.4314  19.848065  0.000e+00
      0.228     5.6907    19.2897    15.1916 8.9133e-01      1.531    1453.69     84.728     9.3538 109.276687    7.72886      0.230     4.4314  19.825525  0.000e+00
      0.238     5.6937    19.2724    15.1777 9.4017e-01      1.538    1453.68     84.711     9.3523 109.276688    7.72917      0.240     4.4009  19.810821  0.000e+00
      0.239     5.6952    19.2642    15.1711 8.9133e-01      1.553    1453.68     84.767     9.3587 109.276688    7.72928      0.242     4.4314  19.803947  0.000e+00
      0.239     5.6945    19.2641    15.1712 8.4249e-01      1.590    1453.68     84.754     9.3574 109.276689    7.72943      0.242     4.4009  19.803495  0.000e+00
      0.239     5.6911    19.2693    15.1755 9.4017e-01      1.634    1453.67     84.749     9.3572 109.276689    7.72980      0.242     4.4009  19.806606  0.000e+00
      0.238     5.6868    19.2761    15.1812 1.1233e+00      1.678    1453.66     84.739     9.3567 109.276690    7.73027      0.240     4.4009  19.810671  0.000e+00
      0.251     5.6854    19.2802    15.1846 1.1233e+00      1.707    1453.66     84.724     9.3552 109.276690    7.73033      0.253     4.4009  19.813782  0.000e+00
      0.239     5.6862    19.2818    15.1858 9.8901e-01      1.700    1453.66     84.717     9.3541 109.276691    7.73010      0.242     4.4009  19.815689  0.000e+00
      0.239     5.6889    19.2812    15.1851 8.5470e-01      1.670    1453.68     84.705     9.3522 109.276691    7.72962      0.242     4.4009  19.816592  0.000e+00
      0.251     5.6908    19.2806    15.1845 7.9365e-01      1.648    1453.68     84.689     9.3501 109.276692    7.72929      0.253     4.4009  19.817094  0.000e+00
      0.238     5.6910    19.2825    15.1859 8.0586e-01      1.626    1453.69     84.670     9.3478 109.276692    7.72916      0.240     4.4009  19.818900  0.000e+00
      0.239     5.6902    19.2859    15.1887 9.0354e-01      1.619    1453.69     84.725     9.3538 109.276693    7.72915      0.242     4.4009  19.821661  0.000e+00
      0.239     5.6881    19.2892    15.1914 1.0623e+00      1.612    1453.68     84.722     9.3537 109.276693    7.72937      0.242     4.4009  19.823668  0.000e+00
      0.251     5.6817    19.2925    15.1946 1.1355e+00      1.582    1453.66     84.717     9.3544 109.276694    7.73043      0.253     4.4009  19.823317  0.000e+00
      0.238     5.6831    19.2882    15.1911 1.0989e+00      1.560    1453.66     84.705     9.3531 109.276694    7.73038      0.240     4.4009  19.820055  0.000e+00
      0.239     5.6867    19.2805    15.1847 1.0134e+00      1.531    1453.67     84.701     9.3523 109.276695    7.73008      0.242     4.4314  19.814685  0.000e+00
      0.239     5.6818    19.2790    15.1839 9.8901e-01      1.516    1453.64     84.696     9.3529 109.276695    7.73108      0.242     4.4009  19.810671  0.000e+00
      0.239     5.6817    19.2784    15.1835 1.0012e+00      1.502    1453.64     84.686     9.3519 109.276696    7.73114      0.242     4.4009  19.810019  0.000e+00
      0.238     5.6853    19.2765    15.1817 9.8901e-01      1.487    1453.65     84.672     9.3497 109.276696    7.73055      0.240     4.4009  19.810219  0.000e+00
      0.239     5.6916    19.2702    15.1762 9.7680e-01      1.487    1453.67     84.654     9.3466 109.276697    7.72967      0.242     4.4314  19.807710  0.000e+00
      0.239     5.6933    19.2622    15.1698 9.2796e-01      1.487    1453.67     84.633     9.3445 109.276697    7.72975      0.242     4.4314  19.801087  0.000e+00
      0.239     5.6930    19.2542    15.1634 8.7912e-01      1.495    1453.66     84.610     9.3425 109.276698    7.73021      0.242     4.4314  19.793311  0.000e+00
      0.238     5.6919    19.2500    15.1603 8.1807e-01      1.502    1453.65     84.596     9.3414 109.276698    7.73063      0.240     4.4314  19.788847  0.000e+00
      0.239     5.6915    19.2511    15.1612 7.5702e-01      1.546    1453.65     84.656     9.3480 109.276698    7.73066      0.242     4.4009  19.789600  0.000e+00
      0.239     5.6907    19.2561    15.1652 7.0818e-01      1.619    1453.65     84.569     9.3384 109.276699    7.73056      0.242     4.4009  19.793914  0.000e+00
      0.239     5.6902    19.2623    15.1701 6.8376e-01      1.641    1453.66     84.623     9.3440 109.276699    7.73034      0.242     4.4009  19.799432  0.000e+00
      0.249     5.6900    19.2679    15.1745 7.0818e-01      1.626    1453.66     84.607     9.3420 109.276700    7.73009      0.251     4.4314  19.804599  0.000e+00
      0.239     5.6916    19.2730    15.1784 7.4481e-01      1.626    1453.68     84.600     9.3405 109.276700    7.72953      0.242     4.4314  19.810269  0.000e+00
      0.239     5.6937    19.2793    15.1832 7.9365e-01      1.619    1453.69     84.590     9.3385 109.276701    7.72881      0.242     4.4314  19.817395  0.000e+00
      0.251     5.6954    19.2867    15.1889 8.1807e-01      1.582    1453.71     84.577     9.3362 109.276701    7.72811      0.253     4.4314  19.825274  0.000e+00
      0.249     5.6968    19.2937    15.1942 8.1807e-01      1.560    1453.72     84.561     9.3337 109.276702    7.72749      0.251     4.4314  19.832602  0.000e+00
      0.239     5.6949    19.3043    15.2028 7.8144e-01      1.553    1453.73     84.543     9.3315 109.276702    7.72731      0.242     4.4314  19.841638  0.000e+00
      0.251     5.6955    19.3177    15.2133 7.8144e-01      1.560    1453.75     84.533     9.3295 109.276703    7.72651      0.253     4.4314  19.854592  0.000e+00
      0.239     5.6972    19.3322    15.2246 7.6923e-01      1.568    1453.77     84.521     9.3269 109.276703    7.72548      0.242     4.4314  19.869055  0.000e+00
      0.249     5.6968    19.3403    15.2310 7.8144e-01      1.568    1453.78     84.507     9.3249 109.276704    7.72512      0.251     4.4314  19.876590  0.000e+00
      0.251     5.6943    19.3378    15.2292 8.1807e-01      1.553    1453.77     84.491     9.3239 109.276704    7.72573      0.253     4.4314  19.872822  0.000e+00
      0.239     5.6933    19.3257    15.2198 9.1575e-01      1.531    1453.75     84.473     9.3228 109.276705    7.72653      0.242     4.4314  19.860869  0.000e+00
      0.251     5.6990    19.3098    15.2068 1.0745e+00      1.516    1453.75     84.462     9.3213 109.276705    7.72626      0.253     4.4009  19.848968  0.000e+00
      0.249     5.7030    19.3011    15.1996 1.1844e+00      1.524    1453.76     84.438     9.3182 109.276706    7.72594      0.251     4.4009  19.842943  0.000e+00
      0.251     5.7037    19.3025    15.2006 1.1355e+00      1.524    1453.76     84.424     9.3165 109.276706    7.72574      0.253     4.4009  19.844599  0.000e+00
      0.251     5.7025    19.3111    15.2075 1.0134e+00      1.516    1453.77     84.409     9.3145 109.276707    7.72552      0.253     4.4314  19.852131  0.000e+00
      0.264     5.7029    19.3220    15.2160 9.0354e-01      1.524    1453.79     84.391     9.3118 109.276707    7.72491      0.266     4.4314  19.862526  0.000e+00
      0.238     5.7057    19.3340    15.2253 8.7912e-01      1.524    1453.81     84.371     9.3082 109.276708    7.72376      0.240     4.4314  19.875383  0.000e+00
      0.275     5.7087    19.3482    15.2362 9.2796e-01      1.524    1453.84     84.349     9.3042 109.276708    7.72248      0.278     4.4314  19.890404  0.000e+00
      0.251     5.7155    19.3608    15.2456 1.1233e+00      1.531    1453.89     84.336     9.3005 109.276709    7.72055      0.253     4.4314  19.905982  0.000e+00
      0.264     5.7257    19.3699    15.2519 1.5385e+00      1.531    1453.94     84.321     9.2959 109.276709    7.71817      0.266     4.4314  19.920004  0.000e+00
      0.264     5.7296    19.3816    15.2607 2.1368e+00      1.531    1453.97     84.305     9.2927 109.276710    7.71682      0.266     4.4009  19.933176  0.000e+00
      0.262     5.7301    19.3966    15.2726 2.7350e+00      1.524    1453.99     84.290     9.2899 109.276710    7.71597      0.265     4.4314  19.947608  0.000e+00
      0.264     5.7285    19.4181    15.2896 3.0769e+00      1.524    1454.01     84.273     9.2871 109.276711    7.71519      0.266     4.4314  19.966973  0.000e+00
      0.275     5.7274    19.4367    15.3044 3.1136e+00      1.516    1454.03     84.255     9.2842 109.276711    7.71445      0.278     4.4314  19.983980  0.000e+00
      0.251     5.7306    19.4501    15.3147 2.7106e+00      1.495    1454.06     84.234     9.2804 109.276712    7.71318      0.253     4.4009  19.998273  0.000e+00
      0.262     5.7330    19.4629    15.3245 2.0757e+00      1.473    1454.09     84.302     9.2865 109.276712    7.71209      0.265     4.4314  20.011613  0.000e+00
      0.264     5.7353    19.4750    15.3339 1.6117e+00      1.465    1454.11     84.225     9.2767 109.276712    7.71102      0.266     4.4314  20.024351  0.000e+00
      0.264     5.7382    19.4852    15.3417 1.3675e+00      1.458    1454.14     84.213     9.2741 109.276713    7.70997      0.266     4.4314  20.035531  0.000e+00
      0.264     5.7402    19.4962    15.3502 1.1844e+00      1.443    1454.16     84.199     9.2715 109.276713    7.70903      0.266     4.4314  20.046965  0.000e+00
      0.249     5.7405    19.5067    15.3584 1.0623e+00      1.429    1454.17     84.186     9.2693 109.276714    7.70844      0.251     4.4314  20.057040  0.000e+00
      0.264     5.7399    19.5121    15.3627 9.5238e-01      1.421    1454.18     84.171     9.2675 109.276714    7.70829      0.266     4.4314  20.061777  0.000e+00
      0.251     5.7380    19.5140    15.3644 8.7912e-01      1.407    1454.17     84.156     9.2661 109.276715    7.70854      0.253     4.4314  20.062532  0.000e+00
      0.251     5.7361    19.5141    15.3646 8.4249e-01      1.399    1454.17     84.140     9.2648 109.276715    7.70890      0.253     4.4314  20.061575  0.000e+00
      0.249     5.7351    19.5135    15.3642 8.6691e-01      1.407    1454.16     84.123     9.2632 109.276716    7.70912      0.251     4.4314  20.060467  0.000e+00
      0.264     5.7357    19.5121    15.3631 8.4249e-01      1.436    1454.16     84.116     9.2624 109.276716    7.70909      0.266     4.4314  20.059459  0.000e+00
      0.251     5.7342    19.5130    15.3639 7.9365e-01      1.465    1454.16     84.187     9.2705 109.276717    7.70932      0.253     4.4619  20.059510  0.000e+00
      0.239     5.7299    19.5177    15.3680 7.8144e-01      1.487    1454.14     84.192     9.2717 109.276717    7.70989      0.242     4.4619  20.061626  0.000e+00
      0.249     5.7255    19.5166    15.3675 7.8144e-01      1.509    1454.12     84.196     9.2732 109.276718    7.71078      0.251     4.4619  20.058200  0.000e+00
      0.251     5.7187    19.5083    15.3615 7.9365e-01      1.516    1454.09     84.122     9.2672 109.276718    7.71250      0.253     4.4314  20.046613  0.000e+00
      0.251     5.7117    19.4903    15.3479 7.6923e-01      1.531    1454.03     84.114     9.2689 109.276719    7.71472      0.253     4.4314  20.025863  0.000e+00
      0.251     5.7066    19.4667    15.3297 7.3260e-01      1.538    1453.98     84.182     9.2790 109.276719    7.71687      0.253     4.4009  20.000892  0.000e+00
      0.238     5.6987    19.4465    15.3145 7.0818e-01      1.524    1453.92     84.183     9.2822 109.276720    7.71940      0.240     4.4314  19.977541  0.000e+00
      0.251     5.6897    19.4288    15.3013 7.0818e-01      1.509    1453.86     84.108     9.2770 109.276720    7.72200      0.253     4.4009  19.956060  0.000e+00
      0.239     5.6838    19.4081    15.2855 7.2039e-01      1.495    1453.81     84.096     9.2783 109.276721    7.72416      0.242     4.4314  19.933330  0.000e+00
      0.251     5.6814    19.3857    15.2680 7.5702e-01      1.487    1453.78     84.160     9.2873 109.276721    7.72575      0.253     4.4314  19.910959  0.000e+00
      0.238     5.6761    19.3593    15.2477 7.6923e-01      1.487    1453.72     84.158     9.2899 109.276722    7.72809      0.240     4.4314  19.883272  0.000e+00
      0.251     5.6659    19.3359    15.2301 7.6923e-01      1.502    1453.65     84.169     9.2949 109.276722    7.73121      0.253     4.4314  19.855749  0.000e+00
      0.239     5.6557    19.3166    15.2158 7.8144e-01      1.502    1453.58     84.167     9.2982 109.276723    7.73414      0.242     4.4314  19.832052  0.000e+00
      0.239     5.6367    19.2975    15.2023 8.0586e-01      1.495    1453.48     84.179     9.3049 109.276723    7.73871      0.242     4.4314  19.803850  0.000e+00
      0.213     5.6343    19.2442    15.1605 8.4249e-01      1.473    1453.40     84.185     9.3095 109.276724    7.74188      0.216     4.4619  19.752346  0.000e+00
      0.275     5.6418    19.1577    15.0917 8.4249e-01      1.473    1453.32     84.190     9.3137 109.276724    7.74484      0.278     4.4619  19.674996  0.000e+00
      0.239     5.6522    19.0725    15.0237 8.4249e-01      1.480    1453.26     84.192     9.3168 109.276725    7.74719      0.242     4.4619  19.600296  0.000e+00
