ctd/data/2024/seabird/Oksvall.cnv
* Sea-Bird SBE 9 Data File:
* FileName = C:\CTD Brukere\UiO Kurs\Geo kurs 2024\Oksvall.hex
* Software Version Seasave V 7.26.7.121
* Temperature SN = 5352
* Conductivity SN = 3840
* Number of Bytes Per Scan = 38
* Number of Voltage Words = 5
* Number of Scans Averaged by the Deck Unit = 1
* NMEA Latitude = 59 52.38 N
* NMEA Longitude = 010 41.22 E
* NMEA UTC (Time) = Apr 18 2024 08:03:16
* NMEA baud rate = 4800
** Ship: R/V Trygve Braarud
** Cruise:
** Station:
** Operator:
# nquan = 15
# nvalues = 4527                                  
# units = specified
# name 0 = depSM: Depth [salt water, m]
# name 1 = t090C: Temperature [ITS-90, deg C]
# name 2 = sal00: Salinity, Practical [PSU]
# name 3 = sigma-t00: Density [sigma-t, kg/m^3 ]
# name 4 = flSP: Fluorescence, Seapoint
# name 5 = seaTurbMtr: Turbidity, Seapoint [FTU]
# name 6 = svCM: Sound Velocity [Chen-Millero, m/s]
# name 7 = sbeox0PS: Oxygen, SBE 43 [% saturation]
# name 8 = sbeox0Mg/L: Oxygen, SBE 43 [mg/l]
# name 9 = timeJ: Julian Days
# name 10 = oxsatML/L: Oxygen Saturation, Weiss [ml/l]
# name 11 = prDM: Pressure, Digiquartz [db]
# name 12 = wetStar: Fluorescence, WET Labs WETstar [mg/m^3]
# name 13 = c0mS/cm: Conductivity [mS/cm]
# name 14 = flag:  0.000e+00
# span 0 =      0.132,     60.792                 
# span 1 =     3.9974,     8.3418                 
# span 2 =    20.8494,    32.8564                 
# span 3 =    16.3041,    25.5480                 
# span 4 = 8.5470e-02, 3.0769e+00                 
# span 5 =      0.916,     14.718                 
# span 6 =    1455.98,    1482.10                 
# span 7 =     37.327,     88.264                 
# span 8 =     3.5491,     9.3983                 
# span 9 = 109.335683, 109.337866                 
# span 10 =    6.64784,    7.67591                
# span 11 =      0.133,     61.379                
# span 12 =    -0.3000,     3.4241                
# span 13 =  21.948227,  34.529691                
# span 14 = 0.0000e+00, 0.0000e+00                
# interval = seconds: 0.0416667
# start_time = Apr 18 2024 08:03:23 [System UTC, first data scan.]
# bad_flag = -9.990e-29
*END*
[from data line 2314]
     31.874     7.0958    31.8703    24.9415 1.2210e-01      1.150    1475.64     48.604     4.7763 109.336799    6.88463     32.179     1.4399  32.524171  0.000e+00
     31.898     7.0867    31.8455    24.9232 1.4652e-01      1.179    1475.58     48.601     4.7778 109.336799    6.88720     32.204     1.4399  32.493586  0.000e+00
     31.921     7.0753    31.8284    24.9113 1.3431e-01      1.201    1475.51     48.597     4.7792 109.336800    6.88981     32.227     1.4094  32.468096  0.000e+00
     31.921     7.0672    31.8376    24.9196 1.2210e-01      1.209    1475.49     48.591     4.7792 109.336800    6.89069     32.227     1.4094  32.469713  0.000e+00
     31.934     7.0655    31.8715    24.9465 1.0989e-01      1.194    1475.53     48.595     4.7787 109.336801    6.88944     32.240     1.4094  32.499573  0.000e+00
     31.958     7.0768    31.9075    24.9734 1.0989e-01      1.172    1475.62     48.596     4.7764 109.336801    6.88603     32.264     1.4094  32.542256  0.000e+00
     31.958     7.0935    31.9206    24.9814 9.7680e-02      1.150    1475.70     48.595     4.7741 109.336802    6.88275     32.264     1.4094  32.568605  0.000e+00
     31.994     7.1024    31.9075    24.9699 9.7680e-02      1.150    1475.72     48.595     4.7735 109.336802    6.88192     32.300     1.4094  32.564052  0.000e+00
     31.994     7.1009    31.8876    24.9544 9.7680e-02      1.150    1475.69     48.595     4.7742 109.336803    6.88304     32.300     1.4094  32.544469  0.000e+00
     32.005     7.0926    31.8660    24.9386 9.7680e-02      1.165    1475.63     48.594     4.7758 109.336803    6.88533     32.312     1.4094  32.517587  0.000e+00
     32.018     7.0831    31.8558    24.9318 1.0989e-01      1.172    1475.58     48.593     4.7771 109.336804    6.88732     32.325     1.4094  32.500050  0.000e+00
     32.041     7.0782    31.8706    24.9441 9.7680e-02      1.165    1475.58     48.591     4.7769 109.336804    6.88746     32.348     1.4094  32.509448  0.000e+00
     32.054     7.0849    31.8930    24.9609 9.7680e-02      1.165    1475.63     48.586     4.7750 109.336805    6.88537     32.361     1.4094  32.535908  0.000e+00
     32.054     7.0945    31.9116    24.9742 9.7680e-02      1.158    1475.69     48.580     4.7727 109.336805    6.88299     32.361     1.4094  32.561178  0.000e+00
     32.078     7.1024    31.9186    24.9787 1.0989e-01      1.158    1475.73     48.573     4.7710 109.336806    6.88142     32.385     1.4094  32.574355  0.000e+00
     32.101     7.1059    31.9211    24.9801 9.7680e-02      1.158    1475.75     48.566     4.7698 109.336806    6.88075     32.408     1.4094  32.579567  0.000e+00
     32.101     7.1080    31.9435    24.9975 9.7680e-02      1.158    1475.79     48.558     4.7681 109.336807    6.87941     32.408     1.4094  32.602034  0.000e+00
     32.114     7.1149    31.9789    25.0244 9.7680e-02      1.150    1475.86     48.548     4.7653 109.336807    6.87672     32.422     1.4094  32.640572  0.000e+00
     32.136     7.1251    32.0106    25.0480 9.7680e-02      1.158    1475.94     48.614     4.7696 109.336807    6.87367     32.444     1.4094  32.678468  0.000e+00
     32.146     7.1357    32.0408    25.0704 9.7680e-02      1.158    1476.02     48.613     4.7674 109.336808    6.87063     32.454     1.4094  32.715420  0.000e+00
     32.149     7.1506    32.0571    25.0812 9.7680e-02      1.150    1476.09     48.621     4.7661 109.336808    6.86752     32.458     1.4094  32.743143  0.000e+00
     32.174     7.1623    32.0569    25.0795 9.7680e-02      1.143    1476.14     48.629     4.7656 109.336809    6.86565     32.482     1.3789  32.753046  0.000e+00
     32.185     7.1675    32.0546    25.0769 9.7680e-02      1.136    1476.16     48.637     4.7658 109.336809    6.86493     32.494     1.3789  32.755267  0.000e+00
     32.196     7.1705    32.0564    25.0779 9.7680e-02      1.136    1476.17     48.644     4.7661 109.336810    6.86437     32.505     1.3789  32.759529  0.000e+00
     32.221     7.1730    32.0567    25.0779 9.7680e-02      1.128    1476.18     48.650     4.7665 109.336810    6.86395     32.530     1.4094  32.762050  0.000e+00
     32.221     7.1730    32.0505    25.0730 9.7680e-02      1.128    1476.17     48.655     4.7672 109.336811    6.86422     32.530     1.4094  32.756347  0.000e+00
     32.245     7.1644    32.0381    25.0644 9.7680e-02      1.136    1476.13     48.661     4.7691 109.336811    6.86616     32.554     1.3789  32.737440  0.000e+00
     32.269     7.1557    32.0418    25.0685 9.7680e-02      1.128    1476.10     48.666     4.7704 109.336812    6.86739     32.579     1.4094  32.733420  0.000e+00
     32.269     7.1605    32.0489    25.0734 9.7680e-02      1.136    1476.12     48.668     4.7699 109.336812    6.86630     32.579     1.4094  32.744103  0.000e+00
     32.294     7.1654    32.0514    25.0747 9.7680e-02      1.143    1476.15     48.670     4.7694 109.336813    6.86541     32.603     1.3789  32.750585  0.000e+00
     32.305     7.1690    32.0495    25.0728 9.7680e-02      1.143    1476.16     48.670     4.7691 109.336813    6.86491     32.615     1.4094  32.752025  0.000e+00
     32.316     7.1715    32.0428    25.0672 9.7680e-02      1.136    1476.16     48.746     4.7765 109.336814    6.86482     32.626     1.3789  32.747943  0.000e+00
     32.341     7.1726    32.0464    25.0698 9.7680e-02      1.128    1476.17     48.756     4.7772 109.336814    6.86448     32.651     1.3789  32.752205  0.000e+00
     32.354     7.1748    32.0583    25.0789 9.7680e-02      1.121    1476.19     48.764     4.7774 109.336815    6.86359     32.664     1.3789  32.765112  0.000e+00
     32.365     7.1761    32.0674    25.0859 9.7680e-02      1.150    1476.21     48.771     4.7776 109.336815    6.86298     32.675     1.3789  32.774598  0.000e+00
     32.389     7.1789    32.0739    25.0906 9.7680e-02      1.172    1476.23     48.776     4.7776 109.336816    6.86225     32.700     1.3789  32.782944  0.000e+00
     32.412     7.1816    32.0767    25.0924 9.7680e-02      1.165    1476.24     48.780     4.7776 109.336816    6.86168     32.723     1.3789  32.787928  0.000e+00
     32.412     7.1828    32.0892    25.1021 9.7680e-02      1.172    1476.26     48.783     4.7774 109.336817    6.86095     32.723     1.3789  32.800360  0.000e+00
     32.450     7.1922    32.1129    25.1195 9.7680e-02      1.194    1476.33     48.783     4.7756 109.336817    6.85839     32.761     1.3789  32.830395  0.000e+00
     32.450     7.2008    32.1311    25.1327 9.7680e-02      1.187    1476.39     48.782     4.7740 109.336818    6.85621     32.761     1.3789  32.854550  0.000e+00
     32.472     7.2059    32.1372    25.1368 9.7680e-02      1.194    1476.41     48.780     4.7731 109.336818    6.85512     32.784     1.3789  32.864587  0.000e+00
     32.485     7.2084    32.1389    25.1378 9.7680e-02      1.223    1476.43     48.777     4.7725 109.336819    6.85465     32.797     1.3789  32.868253  0.000e+00
     32.510     7.2110    32.1411    25.1391 9.7680e-02      1.231    1476.44     48.861     4.7803 109.336819    6.85413     32.821     1.3789  32.872521  0.000e+00
     32.521     7.2137    32.1445    25.1415 9.7680e-02      1.223    1476.45     48.877     4.7815 109.336820    6.85354     32.833     1.3789  32.878051  0.000e+00
     32.545     7.2161    32.1474    25.1434 9.7680e-02      1.223    1476.47     48.805     4.7741 109.336820    6.85304     32.857     1.3484  32.882800  0.000e+00
     32.545     7.2180    32.1488    25.1443 9.7680e-02      1.231    1476.48     48.796     4.7730 109.336821    6.85267     32.857     1.3484  32.885746  0.000e+00
     32.581     7.2191    32.1499    25.1450 9.7680e-02      1.238    1476.48     48.875     4.7805 109.336821    6.85244     32.893     1.3484  32.887730  0.000e+00
     32.581     7.2201    32.1505    25.1453 9.7680e-02      1.253    1476.49     48.886     4.7815 109.336821    6.85226     32.893     1.3484  32.889113  0.000e+00
     32.605     7.2212    32.1488    25.1439 9.7680e-02      1.245    1476.49     48.885     4.7813 109.336822    6.85216     32.918     1.3484  32.888511  0.000e+00
     32.630     7.2214    32.1510    25.1456 9.7680e-02      1.231    1476.49     48.893     4.7820 109.336822    6.85204     32.943     1.3484  32.890676  0.000e+00
     32.641     7.2225    32.1514    25.1457 9.7680e-02      1.216    1476.50     48.900     4.7825 109.336823    6.85185     32.954     1.3484  32.891939  0.000e+00
     32.652     7.2225    32.1498    25.1444 9.7680e-02      1.223    1476.50     48.905     4.7831 109.336823    6.85191     32.965     1.3484  32.890496  0.000e+00
     32.677     7.2231    32.1540    25.1476 9.7680e-02      1.223    1476.51     48.910     4.7833 109.336824    6.85162     32.990     1.3789  32.894945  0.000e+00
     32.688     7.2249    32.1547    25.1479 9.7680e-02      1.223    1476.51     48.912     4.7834 109.336824    6.85132     33.001     1.3484  32.897049  0.000e+00
     32.701     7.2236    32.1423    25.1384 9.7680e-02      1.245    1476.49     48.990     4.7915 109.336825    6.85207     33.015     1.3789  32.884544  0.000e+00
     32.725     7.2191    32.1277    25.1275 9.7680e-02      1.304    1476.46     49.001     4.7936 109.336825    6.85343     33.039     1.3789  32.867231  0.000e+00
     32.748     7.2158    32.1231    25.1244 9.7680e-02      1.297    1476.44     49.011     4.7950 109.336826    6.85416     33.062     1.3789  32.860199  0.000e+00
     32.748     7.2132    32.1238    25.1252 9.7680e-02      1.282    1476.43     49.018     4.7960 109.336826    6.85455     33.062     1.3484  32.858577  0.000e+00
     32.785     7.2123    32.1271    25.1280 9.7680e-02      1.267    1476.43     49.023     4.7965 109.336827    6.85455     33.100     1.3484  32.860861  0.000e+00
     32.785     7.2132    32.1288    25.1292 9.7680e-02      1.238    1476.44     49.026     4.7966 109.336827    6.85432     33.100     1.3484  32.863265  0.000e+00
     32.808     7.2135    32.1274    25.1280 8.5470e-02      1.238    1476.44     49.028     4.7968 109.336828    6.85434     33.123     1.3484  32.862183  0.000e+00
     32.808     7.2135    32.1246    25.1259 9.7680e-02      1.267    1476.43     49.027     4.7968 109.336828    6.85446     33.123     1.3484  32.859659  0.000e+00
     32.857     7.2126    32.1201    25.1224 9.7680e-02      1.253    1476.43     49.026     4.7969 109.336829    6.85482     33.172     1.3484  32.854671  0.000e+00
     32.868     7.2102    32.1262    25.1275 9.7680e-02      1.223    1476.42     49.022     4.7966 109.336829    6.85492     33.183     1.3484  32.858277  0.000e+00
     32.868     7.2146    32.1491    25.1450 9.7680e-02      1.201    1476.47     49.015     4.7948 109.336830    6.85320     33.183     1.3484  32.883222  0.000e+00
     32.893     7.2225    32.1562    25.1495 9.7680e-02      1.194    1476.51     49.007     4.7928 109.336830    6.85163     33.208     1.3484  32.896509  0.000e+00
     32.917     7.2211    32.1374    25.1349 9.7680e-02      1.201    1476.48     49.074     4.8002 109.336831    6.85269     33.232     1.3484  32.877992  0.000e+00
     32.918     7.2151    32.1372    25.1355 9.7680e-02      1.201    1476.46     49.085     4.8019 109.336831    6.85364     33.234     1.3484  32.872702  0.000e+00
     32.953     7.2200    32.1686    25.1595 9.7680e-02      1.201    1476.52     49.093     4.8012 109.336832    6.85148     33.269     1.3484  32.905770  0.000e+00
     32.966     7.2320    32.1901    25.1749 9.7680e-02      1.194    1476.59     49.099     4.7997 109.336832    6.84860     33.282     1.3484  32.936082  0.000e+00
     32.966     7.2388    32.1936    25.1767 9.7680e-02      1.194    1476.62     49.103     4.7993 109.336833    6.84738     33.282     1.3484  32.945045  0.000e+00
     33.001     7.2415    32.1875    25.1715 9.7680e-02      1.209    1476.62     49.106     4.7995 109.336833    6.84721     33.318     1.3484  32.941796  0.000e+00
     33.013     7.2413    32.1788    25.1647 9.7680e-02      1.253    1476.61     49.107     4.7999 109.336834    6.84763     33.329     1.3484  32.933554  0.000e+00
     33.024     7.2399    32.1719    25.1594 9.7680e-02      1.289    1476.60     49.184     4.8077 109.336834    6.84816     33.341     1.3484  32.925975  0.000e+00
     33.048     7.2378    32.1548    25.1463 9.7680e-02      1.289    1476.57     49.192     4.8093 109.336834    6.84925     33.365     1.3484  32.908414  0.000e+00
     33.061     7.2271    32.1151    25.1165 9.7680e-02      1.319    1476.48     49.200     4.8125 109.336835    6.85272     33.378     1.3484  32.862603  0.000e+00
     33.084     7.2145    32.0979    25.1047 9.7680e-02      1.311    1476.41     49.205     4.8150 109.336835    6.85550     33.401     1.3178  32.835922  0.000e+00
     33.084     7.2129    32.1307    25.1307 9.7680e-02      1.297    1476.44     49.207     4.8143 109.336836    6.85429     33.401     1.3484  32.864889  0.000e+00
     33.108     7.2236    32.1530    25.1468 3.7851e-01      1.304    1476.51     49.205     4.8122 109.336836    6.85159     33.426     1.3178  32.894646  0.000e+00
     33.121     7.2271    32.1288    25.1273 6.3492e-01      1.304    1476.50     49.201     4.8122 109.336837    6.85211     33.439     1.3484  32.875286  0.000e+00
     33.144     7.2177    32.1310    25.1303 5.1282e-01      1.282    1476.46     49.208     4.8139 109.336837    6.85351     33.462     1.3178  32.869276  0.000e+00
     33.157     7.2186    32.1548    25.1489 3.4188e-01      1.267    1476.50     49.213     4.8134 109.336838    6.85231     33.475     1.3178  32.892001  0.000e+00
     33.168     7.2234    32.1597    25.1521 2.3199e-01      1.238    1476.52     49.214     4.8129 109.336838    6.85132     33.486     1.3178  32.900659  0.000e+00
     33.193     7.2238    32.1493    25.1439 1.8315e-01      1.223    1476.51     49.291     4.8207 109.336839    6.85173     33.511     1.3178  32.891399  0.000e+00
     33.204     7.2207    32.1413    25.1380 1.4652e-01      1.238    1476.49     49.301     4.8223 109.336839    6.85258     33.522     1.3484  32.881359  0.000e+00
     33.219     7.2180    32.1252    25.1257 1.3431e-01      1.282    1476.46     49.308     4.8238 109.336840    6.85372     33.537     1.3484  32.864228  0.000e+00
     33.228     7.2128    32.1034    25.1092 1.2210e-01      1.297    1476.41     49.314     4.8256 109.336840    6.85553     33.547     1.3484  32.839588  0.000e+00
     33.253     7.2062    32.0975    25.1055 1.0989e-01      1.297    1476.38     49.317     4.8268 109.336841    6.85684     33.572     1.3484  32.828533  0.000e+00
     33.264     7.2085    32.1198    25.1227 9.7680e-02      1.311    1476.42     49.317     4.8259 109.336841    6.85548     33.583     1.3178  32.851006  0.000e+00
     33.288     7.2118    32.1338    25.1333 9.7680e-02      1.311    1476.45     49.314     4.8248 109.336842    6.85433     33.608     1.3178  32.866873  0.000e+00
     33.288     7.2103    32.1398    25.1382 9.7680e-02      1.304    1476.45     49.310     4.8243 109.336842    6.85429     33.608     1.3178  32.871141  0.000e+00
     33.313     7.2128    32.1435    25.1408 9.7680e-02      1.297    1476.46     49.391     4.8319 109.336843    6.85374     33.632     1.3484  32.876611  0.000e+00
     33.337     7.2135    32.1402    25.1381 9.7680e-02      1.289    1476.46     49.404     4.8332 109.336843    6.85377     33.657     1.3178  32.874207  0.000e+00
     33.348     7.2108    32.1308    25.1311 9.7680e-02      1.275    1476.44     49.404     4.8338 109.336844    6.85461     33.668     1.3484  32.863267  0.000e+00
     33.360     7.2153    32.1265    25.1271 9.7680e-02      1.253    1476.45     49.400     4.8331 109.336844    6.85409     33.680     1.3484  32.863146  0.000e+00
