ctd/data/2024/seabird/Oksvall.cnv
* Sea-Bird SBE 9 Data File:
* FileName = C:\CTD Brukere\UiO Kurs\Geo kurs 2024\Oksvall.hex
* Software Version Seasave V 7.26.7.121
* Temperature SN = 5352
* Conductivity SN = 3840
* Number of Bytes Per Scan = 38
* Number of Voltage Words = 5
* Number of Scans Averaged by the Deck Unit = 1
* NMEA Latitude = 59 52.38 N
* NMEA Longitude = 010 41.22 E
* NMEA UTC (Time) = Apr 18 2024 08:03:16
* NMEA baud rate = 4800
** Ship: R/V Trygve Braarud
** Cruise:
** Station:
** Operator:
# nquan = 15
# nvalues = 4527                                  
# units = specified
# name 0 = depSM: Depth [salt water, m]
# name 1 = t090C: Temperature [ITS-90, deg C]
# name 2 = sal00: Salinity, Practical [PSU]
# name 3 = sigma-t00: Density [sigma-t, kg/m^3 ]
# name 4 = flSP: Fluorescence, Seapoint
# name 5 = seaTurbMtr: Turbidity, Seapoint [FTU]
# name 6 = svCM: Sound Velocity [Chen-Millero, m/s]
# name 7 = sbeox0PS: Oxygen, SBE 43 [% saturation]
# name 8 = sbeox0Mg/L: Oxygen, SBE 43 [mg/l]
# name 9 = timeJ: Julian Days
# name 10 = oxsatML/L: Oxygen Saturation, Weiss [ml/l]
# name 11 = prDM: Pressure, Digiquartz [db]
# name 12 = wetStar: Fluorescence, WET Labs WETstar [mg/m^3]
# name 13 = c0mS/cm: Conductivity [mS/cm]
# name 14 = flag:  0.000e+00
# span 0 =      0.132,     60.792                 
# span 1 =     3.9974,     8.3418                 
# span 2 =    20.8494,    32.8564                 
# span 3 =    16.3041,    25.5480                 
# span 4 = 8.5470e-02, 3.0769e+00                 
# span 5 =      0.916,     14.718                 
# span 6 =    1455.98,    1482.10                 
# span 7 =     37.327,     88.264                 
# span 8 =     3.5491,     9.3983                 
# span 9 = 109.335683, 109.337866                 
# span 10 =    6.64784,    7.67591                
# span 11 =      0.133,     61.379                
# span 12 =    -0.3000,     3.4241                
# span 13 =  21.948227,  34.529691                
# span 14 = 0.0000e+00, 0.0000e+00                
# interval = seconds: 0.0416667
# start_time = Apr 18 2024 08:03:23 [System UTC, first data scan.]
# bad_flag = -9.990e-29
*END*
[from data line 868]
      9.138     5.2509    24.0331    18.9715 5.3724e-01      0.974    1457.99     82.694     8.9406 109.336101    7.57319      9.225     2.6609  23.955873  0.000e+00
      9.157     5.2475    24.0357    18.9739 5.3724e-01      0.967    1457.98     82.697     8.9416 109.336102    7.57370      9.244     2.6304  23.955980  0.000e+00
      9.168     5.2448    24.0374    18.9755 5.3724e-01      0.952    1457.97     82.705     8.9429 109.336102    7.57411      9.256     2.6609  23.955820  0.000e+00
      9.186     5.2369    24.0449    18.9820 5.4945e-01      0.938    1457.94     82.718     8.9456 109.336103    7.57521      9.274     2.6609  23.957426  0.000e+00
      9.193     5.2273    24.0534    18.9896 5.4945e-01      0.930    1457.91     82.658     8.9407 109.336103    7.57657      9.280     2.6609  23.958872  0.000e+00
      9.209     5.2223    24.0571    18.9930 5.4945e-01      0.930    1457.90     82.656     8.9413 109.336104    7.57732      9.297     2.6609  23.958980  0.000e+00
      9.240     5.2179    24.0590    18.9949 5.6166e-01      0.938    1457.88     82.658     8.9424 109.336104    7.57805      9.328     2.6304  23.957856  0.000e+00
      9.240     5.2136    24.0611    18.9970 5.6166e-01      0.938    1457.87     82.665     8.9439 109.336105    7.57874      9.328     2.6609  23.956947  0.000e+00
      9.257     5.2169    24.0541    18.9912 5.9829e-01      0.930    1457.87     82.674     8.9446 109.336105    7.57846      9.346     2.6609  23.952825  0.000e+00
      9.275     5.2261    24.0315    18.9725 6.1050e-01      0.930    1457.88     82.687     8.9454 109.336106    7.57789      9.364     2.6609  23.938268  0.000e+00
      9.288     5.2453    24.0007    18.9464 6.1050e-01      0.945    1457.92     82.702     8.9447 109.336106    7.57585      9.377     2.6609  23.922803  0.000e+00
      9.304     5.2593    23.9862    18.9337 6.1050e-01      0.952    1457.96     82.633     8.9350 109.336107    7.57398      9.393     2.6609  23.918736  0.000e+00
      9.324     5.2610    23.9894    18.9361 6.3492e-01      0.945    1457.98     82.636     8.9348 109.336107    7.57350      9.413     2.6609  23.922748  0.000e+00
      9.335     5.2627    23.9871    18.9341 6.4713e-01      0.930    1457.98     82.644     8.9354 109.336108    7.57329      9.424     2.6609  23.921785  0.000e+00
      9.317     5.2662    23.9812    18.9291 5.9829e-01      0.916    1457.99     82.655     8.9362 109.336108    7.57294      9.406     2.6609  23.918682  0.000e+00
      9.395     5.2656    23.9861    18.9330 5.9829e-01      0.930    1457.99     82.583     8.9283 109.336109    7.57281      9.485     2.6609  23.922748  0.000e+00
      9.384     5.2538    24.0000    18.9451 6.2271e-01      0.945    1457.96     82.660     8.9383 109.336109    7.57431      9.473     2.6609  23.927725  0.000e+00
      9.408     5.2519    23.9963    18.9423 6.5934e-01      0.945    1457.95     82.596     8.9320 109.336110    7.57483      9.498     2.6609  23.923177  0.000e+00
      9.413     5.2550    23.9894    18.9366 6.4713e-01      0.930    1457.95     82.601     8.9323 109.336110    7.57460      9.503     2.6915  23.918897  0.000e+00
      9.431     5.2541    23.9932    18.9397 6.1050e-01      0.923    1457.95     82.611     8.9334 109.336111    7.57459      9.521     2.6609  23.921733  0.000e+00
      9.444     5.2456    24.0089    18.9528 6.2271e-01      0.930    1457.94     82.615     8.9347 109.336111    7.57539      9.534     2.6609  23.930454  0.000e+00
      9.460     5.2363    24.0279    18.9687 6.4713e-01      0.982    1457.92     82.623     8.9365 109.336112    7.57617      9.550     2.6609  23.941692  0.000e+00
      9.479     5.2199    24.0545    18.9912 6.5934e-01      1.297    1457.89     82.637     8.9399 109.336112    7.57789      9.570     2.6609  23.955180  0.000e+00
      9.491     5.1984    24.0810    19.0140 6.5934e-01      1.377    1457.83     82.656     8.9451 109.336113    7.58058      9.581     2.6609  23.965138  0.000e+00
      9.508     5.1817    24.0883    19.0214 6.2271e-01      1.238    1457.77     82.665     8.9493 109.336113    7.58331      9.599     2.6609  23.960964  0.000e+00
      9.526     5.1740    24.0841    19.0187 5.8608e-01      1.099    1457.74     82.598     8.9439 109.336114    7.58495      9.617     2.6609  23.952080  0.000e+00
      9.539     5.1659    24.0950    19.0281 5.6166e-01      1.026    1457.72     82.601     8.9454 109.336114    7.58593      9.630     2.6609  23.956683  0.000e+00
      9.555     5.1558    24.1157    19.0453 5.4945e-01      1.004    1457.70     82.608     8.9471 109.336114    7.58677      9.647     2.6609  23.968836  0.000e+00
      9.575     5.1457    24.1328    19.0597 5.8608e-01      1.011    1457.68     82.620     8.9495 109.336115    7.58780      9.666     2.6609  23.977778  0.000e+00
      9.586     5.1440    24.1347    19.0614 6.1050e-01      1.011    1457.68     82.633     8.9513 109.336115    7.58802      9.678     2.6609  23.978420  0.000e+00
      9.593     5.1531    24.1230    19.0513 6.1050e-01      0.996    1457.70     82.558     8.9418 109.336116    7.58691      9.684     2.6609  23.973708  0.000e+00
      9.622     5.1679    24.1122    19.0414 5.9829e-01      1.004    1457.75     82.552     8.9386 109.336116    7.58470      9.714     2.6609  23.973546  0.000e+00
      9.635     5.1561    24.1252    19.0528 6.1050e-01      1.004    1457.72     82.555     8.9407 109.336117    7.58624      9.727     2.6609  23.977724  0.000e+00
      9.646     5.1452    24.1258    19.0542 6.2271e-01      0.982    1457.67     82.562     8.9438 109.336117    7.58824      9.738     2.6609  23.971085  0.000e+00
      9.664     5.1676    24.0759    19.0128 6.3492e-01      0.974    1457.70     82.553     8.9410 109.336118    7.58656      9.756     2.6609  23.940521  0.000e+00
      9.682     5.2191    23.9980    18.9466 6.2271e-01      0.967    1457.82     82.542     8.9332 109.336118    7.58085      9.774     2.6915  23.903388  0.000e+00
      9.682     5.2574    23.9549    18.9092 5.8608e-01      0.945    1457.92     82.537     8.9269 109.336119    7.57588      9.774     2.6915  23.889160  0.000e+00
      9.711     5.2785    23.9474    18.9013 5.4945e-01      0.952    1458.00     82.539     8.9230 109.336119    7.57234      9.803     2.6915  23.896057  0.000e+00
      9.717     5.2809    23.9462    18.9002 5.3724e-01      0.945    1458.01     82.471     8.9152 109.336120    7.57196      9.810     2.6915  23.896538  0.000e+00
      9.742     5.2922    23.9194    18.8780 5.2503e-01      0.960    1458.02     82.471     8.9143 109.336120    7.57118      9.835     2.6915  23.879533  0.000e+00
      9.755     5.3103    23.8827    18.8474 5.3724e-01      1.011    1458.05     82.473     8.9129 109.336121    7.56965      9.848     2.6915  23.857881  0.000e+00
      9.771     5.3515    23.8270    18.7996 5.8608e-01      1.048    1458.16     82.462     8.9061 109.336121    7.56479      9.864     2.6915  23.833777  0.000e+00
      9.777     5.4013    23.7824    18.7598 6.2271e-01      1.040    1458.31     82.375     8.8886 109.336122    7.55779      9.871     2.6915  23.825278  0.000e+00
      9.802     5.3750    23.8260    18.7967 5.8608e-01      1.026    1458.25     82.374     8.8916 109.336122    7.56048      9.895     2.6915  23.848096  0.000e+00
      9.819     5.3187    23.9046    18.8639 5.6166e-01      1.004    1458.12     82.383     8.9000 109.336123    7.56701      9.913     2.6915  23.883273  0.000e+00
      9.826     5.2571    23.9805    18.9294 5.3724e-01      0.982    1457.96     82.397     8.9103 109.336123    7.57467      9.920     2.6915  23.912265  0.000e+00
      9.837     5.2185    24.0326    18.9740 5.2503e-01      0.967    1457.86     82.410     8.9170 109.336124    7.57925      9.931     2.6915  23.934470  0.000e+00
      9.862     5.1996    24.0572    18.9951 5.6166e-01      0.960    1457.81     82.424     8.9211 109.336124    7.58153      9.956     2.6915  23.944479  0.000e+00
      9.879     5.1907    24.0633    19.0008 5.6166e-01      0.967    1457.79     82.361     8.9159 109.336125    7.58288      9.974     2.6915  23.944265  0.000e+00
      9.897     5.1864    24.0644    19.0020 5.6166e-01      0.989    1457.77     82.355     8.9161 109.336125    7.58364      9.992     2.6915  23.942393  0.000e+00
      9.910     5.1812    24.0675    19.0049 5.6166e-01      0.989    1457.75     82.353     8.9169 109.336126    7.58444     10.005     2.6915  23.941858  0.000e+00
      9.921     5.1767    24.0712    19.0083 5.6166e-01      0.989    1457.74     82.355     8.9179 109.336126    7.58510     10.016     2.7220  23.942286  0.000e+00
      9.939     5.1706    24.0774    19.0137 5.9829e-01      0.989    1457.72     82.362     8.9195 109.336127    7.58593     10.034     2.7220  23.943946  0.000e+00
      9.968     5.1605    24.0893    19.0240 6.3492e-01      0.989    1457.69     82.361     8.9209 109.336127    7.58721     10.063     2.6915  23.948121  0.000e+00
      9.968     5.1427    24.1064    19.0391 6.4713e-01      0.982    1457.64     82.287     8.9157 109.336128    7.58968     10.063     2.6915  23.951976  0.000e+00
      9.986     5.1360    24.1152    19.0467 6.1050e-01      0.967    1457.62     82.281     8.9160 109.336128    7.59048     10.081     2.6915  23.955616  0.000e+00
     10.006     5.1180    24.1363    19.0650 5.7387e-01      0.974    1457.58     82.281     8.9186 109.336128    7.59278     10.101     2.6915  23.963005  0.000e+00
     10.006     5.0980    24.1593    19.0849 5.3724e-01      0.996    1457.52     82.285     8.9221 109.336129    7.59538     10.101     2.6915  23.970662  0.000e+00
     10.041     5.0840    24.1697    19.0943 5.1282e-01      0.996    1457.48     82.292     8.9253 109.336129    7.59748     10.137     2.6915  23.970877  0.000e+00
     10.046     5.0819    24.1636    19.0897 5.0061e-01      0.996    1457.46     82.301     8.9270 109.336130    7.59816     10.142     2.6915  23.964078  0.000e+00
     10.064     5.1092    24.1311    19.0616 5.4945e-01      0.982    1457.53     82.217     8.9139 109.336130    7.59469     10.160     2.6915  23.952514  0.000e+00
     10.077     5.1362    24.1087    19.0415 5.6166e-01      0.982    1457.62     82.203     8.9079 109.336131    7.59077     10.173     2.6915  23.949889  0.000e+00
     10.101     5.1324    24.1154    19.0471 5.3724e-01      1.004    1457.61     82.199     8.9079 109.336131    7.59115     10.198     2.6915  23.953476  0.000e+00
     10.106     5.1219    24.1252    19.0558 5.1282e-01      1.011    1457.58     82.201     8.9098 109.336132    7.59262     10.202     2.6915  23.955511  0.000e+00
     10.124     5.1240    24.1230    19.0539 5.4945e-01      0.989    1457.59     82.192     8.9085 109.336132    7.59233     10.220     2.6915  23.954922  0.000e+00
     10.148     5.1182    24.1309    19.0606 5.6166e-01      0.960    1457.57     82.200     8.9102 109.336133    7.59303     10.245     2.6915  23.958187  0.000e+00
     10.148     5.0955    24.1516    19.0790 5.4945e-01      0.945    1457.50     82.204     8.9142 109.336133    7.59623     10.245     2.6915  23.962097  0.000e+00
     10.190     5.0876    24.1517    19.0798 5.1282e-01      0.938    1457.47     82.208     8.9164 109.336134    7.59770     10.287     2.6915  23.957066  0.000e+00
     10.184     5.0933    24.1536    19.0808 4.8840e-01      0.938    1457.50     82.212     8.9155 109.336134    7.59654     10.281     2.6609  23.962472  0.000e+00
     10.208     5.0693    24.1868    19.1091 4.8840e-01      0.938    1457.44     82.227     8.9203 109.336135    7.59937     10.305     2.6609  23.976768  0.000e+00
     10.219     5.0404    24.2132    19.1326 5.2503e-01      0.938    1457.35     82.168     8.9186 109.336135    7.60345     10.317     2.6609  23.981750  0.000e+00
     10.237     5.0366    24.2121    19.1321 5.3724e-01      0.945    1457.34     82.173     8.9201 109.336136    7.60420     10.335     2.6609  23.978323  0.000e+00
     10.257     5.0458    24.1984    19.1204 5.3724e-01      0.952    1457.36     82.180     8.9197 109.336136    7.60318     10.354     2.6915  23.971898  0.000e+00
     10.268     5.0570    24.1814    19.1060 5.1282e-01      0.945    1457.38     82.190     8.9194 109.336137    7.60194     10.366     2.6609  23.963867  0.000e+00
     10.279     5.0669    24.1645    19.0918 5.0061e-01      0.952    1457.40     82.192     8.9184 109.336137    7.60093     10.377     2.6915  23.955141  0.000e+00
     10.304     5.0825    24.1423    19.0728 4.8840e-01      0.982    1457.44     82.119     8.9084 109.336138    7.59912     10.402     2.6915  23.945238  0.000e+00
     10.310     5.0957    24.1280    19.0603 4.7619e-01      0.982    1457.48     82.116     8.9061 109.336138    7.59737     10.408     2.6609  23.940902  0.000e+00
     10.328     5.0966    24.1293    19.0613 4.8840e-01      0.974    1457.48     82.119     8.9062 109.336139    7.59714     10.426     2.6609  23.942722  0.000e+00
     10.352     5.0931    24.1332    19.0647 5.3724e-01      0.996    1457.47     82.128     8.9076 109.336139    7.59759     10.451     2.6609  23.944006  0.000e+00
     10.364     5.0924    24.1388    19.0692 6.2271e-01      0.974    1457.48     82.127     8.9073 109.336140    7.59744     10.462     2.6609  23.948609  0.000e+00
     10.381     5.0647    24.1686    19.0952 6.1050e-01      0.952    1457.40     82.136     8.9125 109.336140    7.60113     10.480     2.6304  23.957443  0.000e+00
     10.399     5.0463    24.1855    19.1102 5.7387e-01      0.952    1457.35     82.146     8.9166 109.336141    7.60374     10.498     2.6609  23.960602  0.000e+00
     10.424     5.0534    24.1770    19.1028 5.4945e-01      0.952    1457.36     82.154     8.9165 109.336141    7.60283     10.523     2.6609  23.957604  0.000e+00
     10.424     5.0623    24.1721    19.0982 5.3724e-01      0.945    1457.40     82.165     8.9161 109.336141    7.60140     10.523     2.6609  23.959049  0.000e+00
     10.435     5.0434    24.2035    19.1246 5.4945e-01      0.938    1457.36     82.186     8.9206 109.336142    7.60337     10.534     2.6609  23.975004  0.000e+00
     10.466     4.9974    24.2571    19.1711 5.3724e-01      0.938    1457.23     82.217     8.9307 109.336142    7.60930     10.565     2.6915  23.993267  0.000e+00
     10.470     4.9694    24.2826    19.1937 5.2503e-01      0.938    1457.15     82.247     8.9386 109.336143    7.61328     10.570     2.6609  23.997822  0.000e+00
     10.495     4.9674    24.2828    19.1941 5.1282e-01      0.952    1457.14     82.185     8.9322 109.336143    7.61364     10.595     2.6609  23.996751  0.000e+00
     10.506     4.9689    24.2819    19.1932 5.1282e-01      0.967    1457.15     82.190     8.9325 109.336144    7.61339     10.606     2.6609  23.996965  0.000e+00
     10.526     4.9716    24.2841    19.1947 5.1282e-01      0.982    1457.16     82.278     8.9413 109.336144    7.61278     10.626     2.6609  24.000714  0.000e+00
     10.530     4.9633    24.2958    19.2047 5.0061e-01      0.974    1457.14     82.304     8.9453 109.336145    7.61376     10.631     2.6609  24.005749  0.000e+00
     10.566     4.9600    24.2993    19.2077 5.0061e-01      0.967    1457.13     82.321     8.9476 109.336145    7.61420     10.667     2.6609  24.006767  0.000e+00
     10.566     4.9716    24.2808    19.1921 4.8840e-01      0.952    1457.16     82.258     8.9394 109.336146    7.61295     10.667     2.6609  23.997714  0.000e+00
     10.579     4.9985    24.2487    19.1644 4.7619e-01      0.945    1457.23     82.260     8.9357 109.336146    7.60951     10.680     2.6609  23.986466  0.000e+00
     10.608     5.0135    24.2366    19.1535 4.7619e-01      0.938    1457.28     82.269     8.9341 109.336147    7.60731     10.709     2.6609  23.985394  0.000e+00
