ctd/data/2024/seabird/Oksvall.cnv
* Sea-Bird SBE 9 Data File:
* FileName = C:\CTD Brukere\UiO Kurs\Geo kurs 2024\Oksvall.hex
* Software Version Seasave V 7.26.7.121
* Temperature SN = 5352
* Conductivity SN = 3840
* Number of Bytes Per Scan = 38
* Number of Voltage Words = 5
* Number of Scans Averaged by the Deck Unit = 1
* NMEA Latitude = 59 52.38 N
* NMEA Longitude = 010 41.22 E
* NMEA UTC (Time) = Apr 18 2024 08:03:16
* NMEA baud rate = 4800
** Ship: R/V Trygve Braarud
** Cruise:
** Station:
** Operator:
# nquan = 15
# nvalues = 4527                                  
# units = specified
# name 0 = depSM: Depth [salt water, m]
# name 1 = t090C: Temperature [ITS-90, deg C]
# name 2 = sal00: Salinity, Practical [PSU]
# name 3 = sigma-t00: Density [sigma-t, kg/m^3 ]
# name 4 = flSP: Fluorescence, Seapoint
# name 5 = seaTurbMtr: Turbidity, Seapoint [FTU]
# name 6 = svCM: Sound Velocity [Chen-Millero, m/s]
# name 7 = sbeox0PS: Oxygen, SBE 43 [% saturation]
# name 8 = sbeox0Mg/L: Oxygen, SBE 43 [mg/l]
# name 9 = timeJ: Julian Days
# name 10 = oxsatML/L: Oxygen Saturation, Weiss [ml/l]
# name 11 = prDM: Pressure, Digiquartz [db]
# name 12 = wetStar: Fluorescence, WET Labs WETstar [mg/m^3]
# name 13 = c0mS/cm: Conductivity [mS/cm]
# name 14 = flag:  0.000e+00
# span 0 =      0.132,     60.792                 
# span 1 =     3.9974,     8.3418                 
# span 2 =    20.8494,    32.8564                 
# span 3 =    16.3041,    25.5480                 
# span 4 = 8.5470e-02, 3.0769e+00                 
# span 5 =      0.916,     14.718                 
# span 6 =    1455.98,    1482.10                 
# span 7 =     37.327,     88.264                 
# span 8 =     3.5491,     9.3983                 
# span 9 = 109.335683, 109.337866                 
# span 10 =    6.64784,    7.67591                
# span 11 =      0.133,     61.379                
# span 12 =    -0.3000,     3.4241                
# span 13 =  21.948227,  34.529691                
# span 14 = 0.0000e+00, 0.0000e+00                
# interval = seconds: 0.0416667
# start_time = Apr 18 2024 08:03:23 [System UTC, first data scan.]
# bad_flag = -9.990e-29
*END*
[from data line 3952]
     56.614     8.2578    32.8227    25.5263 9.7680e-02      1.582    1481.69     41.715     3.9676 109.337589    6.66149     57.160     1.2568  34.430563  0.000e+00
     56.617     8.2598    32.8244    25.5274 9.7680e-02      1.560    1481.70     41.708     3.9667 109.337589    6.66111     57.163     1.2873  34.433989  0.000e+00
     56.617     8.2579    32.8252    25.5283 8.5470e-02      1.524    1481.69     41.703     3.9664 109.337590    6.66136     57.163     1.2873  34.433072  0.000e+00
     56.627     8.2582    32.8250    25.5281 9.7680e-02      1.502    1481.69     41.701     3.9661 109.337590    6.66132     57.173     1.2873  34.433133  0.000e+00
     56.630     8.2620    32.8248    25.5274 8.5470e-02      1.487    1481.71     41.614     3.9575 109.337591    6.66076     57.176     1.2873  34.436253  0.000e+00
     56.638     8.2656    32.8225    25.5251 8.5470e-02      1.473    1481.72     41.672     3.9628 109.337591    6.66032     57.185     1.2873  34.437293  0.000e+00
     56.641     8.2658    32.8189    25.5222 9.7680e-02      1.473    1481.72     41.590     3.9551 109.337592    6.66044     57.188     1.2873  34.434050  0.000e+00
     56.653     8.2644    32.8153    25.5196 9.7680e-02      1.473    1481.71     41.577     3.9540 109.337592    6.66081     57.199     1.2873  34.429400  0.000e+00
     56.674     8.2625    32.8095    25.5154 9.7680e-02      1.465    1481.69     41.566     3.9533 109.337593    6.66133     57.221     1.2873  34.422363  0.000e+00
     56.677     8.2565    32.8082    25.5152 9.7680e-02      1.480    1481.67     41.558     3.9531 109.337593    6.66230     57.224     1.2873  34.415817  0.000e+00
     56.687     8.2513    32.8067    25.5148 9.7680e-02      1.480    1481.65     41.476     3.9459 109.337594    6.66316     57.234     1.2873  34.409822  0.000e+00
     56.702     8.2491    32.8008    25.5105 8.5470e-02      1.480    1481.63     41.464     3.9450 109.337594    6.66375     57.249     1.2873  34.402237  0.000e+00
     56.710     8.2431    32.7920    25.5045 9.7680e-02      1.495    1481.60     41.454     3.9448 109.337595    6.66503     57.257     1.2873  34.388720  0.000e+00
     56.715     8.2287    32.7872    25.5028 8.5470e-02      1.524    1481.54     41.372     3.9384 109.337595    6.66744     57.262     1.2873  34.371414  0.000e+00
     56.715     8.2072    32.7855    25.5047 8.5470e-02      1.546    1481.45     41.359     3.9391 109.337595    6.67077     57.262     1.2873  34.350933  0.000e+00
     56.723     8.1827    32.7889    25.5109 8.5470e-02      1.531    1481.37     41.350     3.9403 109.337596    6.67437     57.270     1.2873  34.332474  0.000e+00
     56.737     8.1695    32.7951    25.5178 8.5470e-02      1.524    1481.32     41.332     3.9397 109.337596    6.67610     57.285     1.2568  34.326792  0.000e+00
     56.734     8.1695    32.8023    25.5234 8.5470e-02      1.502    1481.33     41.328     3.9391 109.337597    6.67579     57.281     1.2873  34.333576  0.000e+00
     56.762     8.1770    32.8057    25.5250 9.7680e-02      1.487    1481.37     41.317     3.9373 109.337597    6.67450     57.309     1.2873  34.343417  0.000e+00
     56.759     8.1807    32.8092    25.5272 1.0989e-01      1.480    1481.38     41.232     3.9288 109.337598    6.67379     57.306     1.2873  34.349958  0.000e+00
     56.786     8.1880    32.8055    25.5232 1.0989e-01      1.480    1481.41     41.216     3.9267 109.337598    6.67285     57.334     1.2873  34.352831  0.000e+00
     56.786     8.1962    32.7915    25.5110 9.7680e-02      1.480    1481.42     41.204     3.9252 109.337599    6.67219     57.334     1.2873  34.346900  0.000e+00
     56.794     8.1910    32.7851    25.5067 9.7680e-02      1.465    1481.39     41.196     3.9251 109.337599    6.67326     57.342     1.2873  34.336264  0.000e+00
     56.798     8.1812    32.7826    25.5063 9.7680e-02      1.451    1481.35     41.116     3.9183 109.337600    6.67486     57.346     1.2873  34.325324  0.000e+00
     56.807     8.1721    32.7731    25.5002 9.7680e-02      1.436    1481.31     41.105     3.9183 109.337600    6.67666     57.355     1.2873  34.308335  0.000e+00
     56.822     8.1660    32.7547    25.4866 9.7680e-02      1.429    1481.26     41.098     3.9187 109.337601    6.67838     57.370     1.2873  34.285607  0.000e+00
     56.830     8.1518    32.7497    25.4847 9.7680e-02      1.436    1481.20     41.095     3.9198 109.337601    6.68075     57.378     1.2568  34.268443  0.000e+00
     56.835     8.1347    32.7618    25.4968 8.5470e-02      1.443    1481.15     41.009     3.9128 109.337602    6.68285     57.383     1.2568  34.264780  0.000e+00
     56.858     8.1305    32.7709    25.5045 8.5470e-02      1.458    1481.15     40.992     3.9113 109.337602    6.68310     57.406     1.2873  34.269667  0.000e+00
     56.867     8.1331    32.7734    25.5061 8.5470e-02      1.465    1481.16     40.979     3.9098 109.337603    6.68260     57.416     1.2873  34.274309  0.000e+00
     56.871     8.1340    32.7713    25.5043 8.5470e-02      1.465    1481.16     40.970     3.9088 109.337603    6.68254     57.419     1.2568  34.273149  0.000e+00
     56.879     8.1318    32.7690    25.5028 8.5470e-02      1.458    1481.15     40.888     3.9013 109.337604    6.68298     57.428     1.2873  34.268995  0.000e+00
     56.882     8.1260    32.7714    25.5056 9.7680e-02      1.458    1481.13     40.877     3.9007 109.337604    6.68376     57.431     1.2873  34.266186  0.000e+00
     56.890     8.1234    32.7713    25.5058 8.5470e-02      1.465    1481.12     40.870     3.9003 109.337605    6.68416     57.439     1.2568  34.263805  0.000e+00
     56.906     8.1176    32.7697    25.5054 8.5470e-02      1.465    1481.10     40.868     3.9006 109.337605    6.68512     57.456     1.2568  34.257148  0.000e+00
     56.903     8.1128    32.7682    25.5050 9.7680e-02      1.458    1481.08     40.783     3.8929 109.337606    6.68591     57.452     1.2568  34.251652  0.000e+00
     56.918     8.1116    32.7657    25.5032 8.5470e-02      1.429    1481.07     40.767     3.8917 109.337606    6.68621     57.467     1.2568  34.248111  0.000e+00
     56.918     8.1113    32.7629    25.5011 9.7680e-02      1.414    1481.07     40.680     3.8834 109.337607    6.68638     57.467     1.2873  34.245241  0.000e+00
     56.928     8.1103    32.7592    25.4983 8.5470e-02      1.414    1481.06     40.740     3.8893 109.337607    6.68669     57.477     1.2568  34.240844  0.000e+00
     56.931     8.1068    32.7564    25.4966 8.5470e-02      1.429    1481.04     40.662     3.8822 109.337608    6.68735     57.480     1.2873  34.235166  0.000e+00
     56.939     8.1007    32.7583    25.4990 8.5470e-02      1.458    1481.02     40.655     3.8820 109.337608    6.68819     57.488     1.2873  34.231626  0.000e+00
     56.955     8.0978    32.7589    25.4999 8.5470e-02      1.465    1481.01     40.652     3.8820 109.337609    6.68861     57.505     1.2873  34.229611  0.000e+00
     56.950     8.0955    32.7594    25.5006 8.5470e-02      1.480    1481.00     40.643     3.8814 109.337609    6.68893     57.500     1.2873  34.228146  0.000e+00
     56.967     8.0949    32.7584    25.4999 8.5470e-02      1.516    1481.00     40.563     3.8738 109.337609    6.68908     57.516     1.2873  34.226620  0.000e+00
     56.963     8.0943    32.7588    25.5003 8.5470e-02      1.634    1481.00     40.553     3.8729 109.337610    6.68914     57.513     1.2873  34.226498  0.000e+00
     56.978     8.0923    32.7608    25.5021 8.5470e-02      1.758    1480.99     40.548     3.8725 109.337610    6.68936     57.528     1.2873  34.226620  0.000e+00
     56.991     8.0929    32.7607    25.5020 8.5470e-02      1.758    1481.00     40.471     3.8651 109.337611    6.68928     57.541     1.2873  34.227048  0.000e+00
     56.999     8.0921    32.7623    25.5034 8.5470e-02      1.685    1481.00     40.465     3.8646 109.337611    6.68933     57.549     1.2568  34.227903  0.000e+00
     57.015     8.0926    32.7600    25.5015 8.5470e-02      1.597    1480.99     40.454     3.8635 109.337612    6.68936     57.566     1.2568  34.226132  0.000e+00
     57.024     8.0912    32.7580    25.5001 8.5470e-02      1.531    1480.99     40.448     3.8631 109.337612    6.68966     57.574     1.2568  34.223019  0.000e+00
     57.027     8.0902    32.7578    25.5001 8.5470e-02      1.487    1480.98     40.370     3.8557 109.337613    6.68981     57.577     1.2568  34.221981  0.000e+00
     57.048     8.0886    32.7592    25.5014 8.5470e-02      1.451    1480.98     40.363     3.8552 109.337613    6.69000     57.598     1.2568  34.221920  0.000e+00
     57.027     8.0871    32.7589    25.5014 8.5470e-02      1.429    1480.97     40.361     3.8552 109.337614    6.69024     57.577     1.2873  34.220272  0.000e+00
     57.084     8.0840    32.7583    25.5014 8.5470e-02      1.414    1480.96     40.278     3.8475 109.337614    6.69075     57.634     1.2873  34.216976  0.000e+00
     57.076     8.0814    32.7575    25.5011 8.5470e-02      1.407    1480.95     40.276     3.8476 109.337615    6.69118     57.626     1.2873  34.213924  0.000e+00
     57.072     8.0802    32.7554    25.4997 1.0989e-01      1.407    1480.94     40.269     3.8470 109.337615    6.69146     57.623     1.2873  34.210872  0.000e+00
     57.087     8.0792    32.7533    25.4982 1.2210e-01      1.407    1480.94     40.191     3.8397 109.337616    6.69170     57.638     1.2873  34.208065  0.000e+00
     57.100     8.0786    32.7516    25.4970 1.0989e-01      1.429    1480.93     40.184     3.8392 109.337616    6.69187     57.651     1.2873  34.205928  0.000e+00
     57.108     8.0777    32.7510    25.4966 1.0989e-01      1.443    1480.93     40.184     3.8392 109.337617    6.69202     57.659     1.2873  34.204586  0.000e+00
     57.123     8.0766    32.7519    25.4974 1.0989e-01      1.436    1480.93     40.178     3.8387 109.337617    6.69215     57.674     1.2873  34.204464  0.000e+00
     57.119     8.0758    32.7514    25.4972 9.7680e-02      1.429    1480.92     40.100     3.8314 109.337618    6.69230     57.671     1.2873  34.203304  0.000e+00
     57.136     8.0745    32.7520    25.4979 9.7680e-02      1.414    1480.92     40.095     3.8310 109.337618    6.69247     57.687     1.2873  34.202755  0.000e+00
     57.144     8.0744    32.7518    25.4977 9.7680e-02      1.429    1480.92     40.084     3.8300 109.337619    6.69250     57.695     1.2873  34.202450  0.000e+00
     57.136     8.0736    32.7515    25.4976 8.5470e-02      1.487    1480.91     40.002     3.8222 109.337619    6.69263     57.687     1.2873  34.201473  0.000e+00
     57.155     8.0718    32.7521    25.4983 8.5470e-02      1.560    1480.91     39.991     3.8213 109.337620    6.69288     57.707     1.2873  34.200436  0.000e+00
     57.172     8.0698    32.7535    25.4997 8.5470e-02      1.656    1480.90     39.910     3.8138 109.337620    6.69312     57.723     1.2873  34.200009  0.000e+00
     57.180     8.0697    32.7532    25.4995 8.5470e-02      1.670    1480.90     39.901     3.8129 109.337621    6.69315     57.731     1.2568  34.199704  0.000e+00
     57.172     8.0700    32.7523    25.4987 9.7680e-02      1.619    1480.90     39.898     3.8126 109.337621    6.69314     57.723     1.2873  34.199094  0.000e+00
     57.193     8.0700    32.7524    25.4988 8.5470e-02      1.538    1480.90     39.814     3.8046 109.337622    6.69315     57.745     1.2873  34.199155  0.000e+00
     57.207     8.0691    32.7534    25.4997 8.5470e-02      1.465    1480.90     39.802     3.8034 109.337622    6.69324     57.759     1.2873  34.199277  0.000e+00
     57.228     8.0691    32.7648    25.5087 8.5470e-02      1.429    1480.91     39.796     3.8026 109.337622    6.69275     57.781     1.2873  34.210019  0.000e+00
     57.243     8.0889    32.7849    25.5216 8.5470e-02      1.421    1481.01     39.795     3.8003 109.337623    6.68884     57.795     1.2873  34.246466  0.000e+00
     57.253     8.1194    32.7920    25.5227 8.5470e-02      1.436    1481.14     39.714     3.7897 109.337623    6.68388     57.805     1.2873  34.279932  0.000e+00
     57.280     8.1331    32.8095    25.5344 8.5470e-02      1.436    1481.21     39.704     3.7872 109.337624    6.68104     57.833     1.2873  34.308463  0.000e+00
     57.292     8.1569    32.8276    25.5451 9.7680e-02      1.429    1481.33     39.624     3.7772 109.337624    6.67662     57.845     1.2873  34.346600  0.000e+00
     57.313     8.1770    32.8350    25.5480 8.5470e-02      1.421    1481.41     39.617     3.7746 109.337625    6.67324     57.866     1.2873  34.371299  0.000e+00
     57.316     8.1937    32.8333    25.5441 8.5470e-02      1.429    1481.47     39.605     3.7721 109.337625    6.67077     57.869     1.2873  34.384385  0.000e+00
     57.349     8.2104    32.8348    25.5429 8.5470e-02      1.451    1481.54     39.600     3.7701 109.337626    6.66817     57.902     1.2873  34.400531  0.000e+00
     57.365     8.2306    32.8375    25.5420 8.5470e-02      1.487    1481.62     39.524     3.7611 109.337626    6.66499     57.919     1.2873  34.420839  0.000e+00
     57.373     8.2420    32.8411    25.5431 8.5470e-02      1.509    1481.67     39.521     3.7598 109.337627    6.66310     57.927     1.2873  34.434361  0.000e+00
     57.401     8.2542    32.8384    25.5392 8.5470e-02      1.538    1481.71     39.513     3.7581 109.337627    6.66136     57.955     1.2873  34.442621  0.000e+00
     57.409     8.2644    32.8350    25.5350 8.5470e-02      1.546    1481.74     39.436     3.7499 109.337628    6.65996     57.963     1.2873  34.448373  0.000e+00
     57.437     8.2706    32.8330    25.5326 8.5470e-02      1.700    1481.76     39.431     3.7489 109.337628    6.65910     57.991     1.2873  34.452045  0.000e+00
     57.445     8.2763    32.8314    25.5305 8.5470e-02      1.846    1481.78     39.356     3.7414 109.337629    6.65830     57.999     1.2873  34.455533  0.000e+00
     57.472     8.2801    32.8294    25.5283 9.7680e-02      1.795    1481.80     39.343     3.7399 109.337629    6.65782     58.027     1.2873  34.457002  0.000e+00
     57.480     8.2814    32.8266    25.5259 9.7680e-02      1.707    1481.80     39.336     3.7392 109.337630    6.65773     58.035     1.2873  34.455533  0.000e+00
     57.508     8.2808    32.8249    25.5247 1.0989e-01      1.612    1481.79     39.249     3.7311 109.337630    6.65791     58.063     1.2873  34.453329  0.000e+00
     57.516     8.2806    32.8254    25.5251 9.7680e-02      1.553    1481.79     39.245     3.7307 109.337631    6.65791     58.071     1.2873  34.453636  0.000e+00
     57.521     8.2813    32.8278    25.5269 9.7680e-02      1.582    1481.80     39.238     3.7298 109.337631    6.65770     58.076     1.2873  34.456573  0.000e+00
     57.541     8.2831    32.8305    25.5288 9.7680e-02      1.597    1481.81     39.160     3.7223 109.337632    6.65732     58.096     1.2873  34.460736  0.000e+00
     57.568     8.2859    32.8299    25.5278 9.7680e-02      1.590    1481.82     39.155     3.7216 109.337632    6.65692     58.124     1.2873  34.462572  0.000e+00
     57.565     8.2868    32.8282    25.5264 1.2210e-01      1.582    1481.82     39.158     3.7218 109.337633    6.65686     58.121     1.2873  34.461776  0.000e+00
     57.593     8.2846    32.8272    25.5259 1.2210e-01      1.575    1481.81     39.156     3.7218 109.337633    6.65723     58.148     1.2873  34.458899  0.000e+00
     57.601     8.2839    32.8282    25.5268 1.0989e-01      1.575    1481.81     39.161     3.7223 109.337634    6.65729     58.157     1.3178  34.459267  0.000e+00
     57.617     8.2847    32.8303    25.5283 1.0989e-01      1.553    1481.82     39.096     3.7161 109.337634    6.65709     58.173     1.2873  34.461899  0.000e+00
     57.625     8.2873    32.8331    25.5302 9.7680e-02      1.524    1481.83     39.093     3.7155 109.337635    6.65656     58.181     1.2873  34.466918  0.000e+00
