ctd/data/2024/seabird/Oksvall.cnv
* Sea-Bird SBE 9 Data File:
* FileName = C:\CTD Brukere\UiO Kurs\Geo kurs 2024\Oksvall.hex
* Software Version Seasave V 7.26.7.121
* Temperature SN = 5352
* Conductivity SN = 3840
* Number of Bytes Per Scan = 38
* Number of Voltage Words = 5
* Number of Scans Averaged by the Deck Unit = 1
* NMEA Latitude = 59 52.38 N
* NMEA Longitude = 010 41.22 E
* NMEA UTC (Time) = Apr 18 2024 08:03:16
* NMEA baud rate = 4800
** Ship: R/V Trygve Braarud
** Cruise:
** Station:
** Operator:
# nquan = 15
# nvalues = 4527                                  
# units = specified
# name 0 = depSM: Depth [salt water, m]
# name 1 = t090C: Temperature [ITS-90, deg C]
# name 2 = sal00: Salinity, Practical [PSU]
# name 3 = sigma-t00: Density [sigma-t, kg/m^3 ]
# name 4 = flSP: Fluorescence, Seapoint
# name 5 = seaTurbMtr: Turbidity, Seapoint [FTU]
# name 6 = svCM: Sound Velocity [Chen-Millero, m/s]
# name 7 = sbeox0PS: Oxygen, SBE 43 [% saturation]
# name 8 = sbeox0Mg/L: Oxygen, SBE 43 [mg/l]
# name 9 = timeJ: Julian Days
# name 10 = oxsatML/L: Oxygen Saturation, Weiss [ml/l]
# name 11 = prDM: Pressure, Digiquartz [db]
# name 12 = wetStar: Fluorescence, WET Labs WETstar [mg/m^3]
# name 13 = c0mS/cm: Conductivity [mS/cm]
# name 14 = flag:  0.000e+00
# span 0 =      0.132,     60.792                 
# span 1 =     3.9974,     8.3418                 
# span 2 =    20.8494,    32.8564                 
# span 3 =    16.3041,    25.5480                 
# span 4 = 8.5470e-02, 3.0769e+00                 
# span 5 =      0.916,     14.718                 
# span 6 =    1455.98,    1482.10                 
# span 7 =     37.327,     88.264                 
# span 8 =     3.5491,     9.3983                 
# span 9 = 109.335683, 109.337866                 
# span 10 =    6.64784,    7.67591                
# span 11 =      0.133,     61.379                
# span 12 =    -0.3000,     3.4241                
# span 13 =  21.948227,  34.529691                
# span 14 = 0.0000e+00, 0.0000e+00                
# interval = seconds: 0.0416667
# start_time = Apr 18 2024 08:03:23 [System UTC, first data scan.]
# bad_flag = -9.990e-29
*END*
[from data line 290]
      0.275     6.9048    20.8555    16.3100 5.2503e-01      1.480    1460.64     86.966     9.2286 109.335823    7.42839      0.277     3.2104  22.000220  0.000e+00
      0.310     6.9048    20.8555    16.3099 4.7619e-01      1.524    1460.64     86.945     9.2264 109.335823    7.42839      0.313     3.1799  22.000220  0.000e+00
      0.312     6.9050    20.8559    16.3103 5.1282e-01      1.619    1460.64     86.915     9.2232 109.335824    7.42835      0.315     3.1799  22.000740  0.000e+00
      0.347     6.9057    20.8555    16.3099 5.4945e-01      1.729    1460.65     86.965     9.2283 109.335824    7.42823      0.351     3.2104  22.000792  0.000e+00
      0.334     6.9068    20.8556    16.3098 5.1282e-01      1.736    1460.65     86.939     9.2254 109.335825    7.42803      0.338     3.1799  22.001519  0.000e+00
      0.333     6.9073    20.8557    16.3099 5.1282e-01      1.663    1460.65     86.994     9.2310 109.335825    7.42793      0.336     3.1799  22.001935  0.000e+00
      0.334     6.9075    20.8557    16.3099 5.7387e-01      1.604    1460.66     86.897     9.2208 109.335826    7.42790      0.338     3.1799  22.002039  0.000e+00
      0.359     6.9056    20.8564    16.3106 5.8608e-01      1.575    1460.65     86.947     9.2264 109.335826    7.42821      0.362     3.1799  22.001571  0.000e+00
      0.370     6.9035    20.8571    16.3114 5.9829e-01      1.582    1460.64     86.923     9.2243 109.335827    7.42855      0.374     3.2104  22.001052  0.000e+00
      0.381     6.9054    20.8565    16.3107 5.9829e-01      1.597    1460.65     86.901     9.2216 109.335827    7.42824      0.385     3.2104  22.001571  0.000e+00
      0.394     6.9083    20.8559    16.3099 5.8608e-01      1.560    1460.66     86.871     9.2178 109.335828    7.42776      0.398     3.1799  22.002663  0.000e+00
      0.394     6.9089    20.8562    16.3100 6.2271e-01      1.546    1460.66     86.922     9.2230 109.335828    7.42763      0.398     3.1799  22.003286  0.000e+00
      0.407     6.9088    20.8572    16.3109 5.9829e-01      1.531    1460.66     86.899     9.2206 109.335829    7.42761      0.411     3.1799  22.004222  0.000e+00
      0.419     6.9124    20.8577    16.3109 6.1050e-01      1.509    1460.68     86.880     9.2177 109.335829    7.42693      0.423     3.1799  22.006873  0.000e+00
      0.417     6.9183    20.8568    16.3095 6.2271e-01      1.502    1460.70     86.928     9.2216 109.335829    7.42593      0.421     3.1799  22.009367  0.000e+00
      0.419     6.9223    20.8562    16.3087 6.1050e-01      1.736    1460.72     86.916     9.2194 109.335830    7.42525      0.423     3.1799  22.011134  0.000e+00
      0.443     6.9250    20.8546    16.3071 5.8608e-01      1.934    1460.73     86.896     9.2169 109.335830    7.42484      0.447     3.1799  22.011186  0.000e+00
      0.443     6.9253    20.8544    16.3070 6.1050e-01      1.839    1460.73     86.946     9.2221 109.335831    7.42479      0.447     3.1799  22.011238  0.000e+00
      0.453     6.9258    20.8542    16.3068 5.7387e-01      1.714    1460.73     86.935     9.2208 109.335831    7.42472      0.457     3.1799  22.011290  0.000e+00
      0.454     6.9252    20.8549    16.3074 5.3724e-01      1.656    1460.73     86.916     9.2190 109.335832    7.42480      0.459     3.1799  22.011602  0.000e+00
      0.466     6.9250    20.8550    16.3075 5.4945e-01      1.612    1460.73     86.902     9.2174 109.335832    7.42482      0.470     3.1799  22.011602  0.000e+00
      0.479     6.9248    20.8551    16.3075 5.1282e-01      1.560    1460.73     86.957     9.2233 109.335833    7.42486      0.483     3.2104  22.011550  0.000e+00
      0.490     6.9257    20.8546    16.3071 5.0061e-01      1.524    1460.73     86.950     9.2225 109.335833    7.42473      0.494     3.2104  22.011550  0.000e+00
      0.512     6.9255    20.8541    16.3067 4.7619e-01      1.516    1460.73     87.014     9.2293 109.335834    7.42478      0.517     3.2104  22.011030  0.000e+00
      0.514     6.9237    20.8545    16.3072 4.6398e-01      1.509    1460.72     86.928     9.2206 109.335834    7.42508      0.519     3.1799  22.010355  0.000e+00
      0.525     6.9228    20.8549    16.3076 4.3956e-01      1.509    1460.72     86.989     9.2272 109.335835    7.42523      0.530     3.2104  22.010199  0.000e+00
      0.538     6.9221    20.8556    16.3082 4.3956e-01      1.502    1460.72     86.977     9.2260 109.335835    7.42531      0.544     3.1799  22.010511  0.000e+00
      0.538     6.9228    20.8556    16.3082 4.5177e-01      1.495    1460.72     86.958     9.2239 109.335836    7.42519      0.544     3.1799  22.010926  0.000e+00
      0.584     6.9250    20.8549    16.3074 4.3956e-01      1.495    1460.73     87.020     9.2300 109.335836    7.42483      0.589     3.1799  22.011550  0.000e+00
      0.574     6.9241    20.8543    16.3070 4.3956e-01      1.502    1460.72     87.010     9.2292 109.335837    7.42503      0.579     3.1799  22.010355  0.000e+00
      0.610     6.9212    20.8549    16.3078 4.8840e-01      1.509    1460.71     87.006     9.2294 109.335837    7.42552      0.615     3.1493  22.009263  0.000e+00
      0.621     6.9198    20.8550    16.3080 4.8840e-01      1.575    1460.71     86.995     9.2285 109.335838    7.42576      0.627     2.6609  22.008536  0.000e+00
      0.632     6.9180    20.8549    16.3081 4.8840e-01      2.000    1460.70     87.053     9.2350 109.335838    7.42607      0.638     2.5694  22.007496  0.000e+00
      0.645     6.9169    20.8558    16.3089 4.8840e-01      2.601    1460.70     87.051     9.2350 109.335839    7.42623      0.651     2.7830  22.007704  0.000e+00
      0.681     6.9172    20.8557    16.3088 4.7619e-01      2.608    1460.70     87.042     9.2340 109.335839    7.42618      0.687     2.9357  22.007756  0.000e+00
      0.681     6.9161    20.8553    16.3086 4.7619e-01      2.315    1460.69     87.027     9.2326 109.335840    7.42640      0.687     3.0578  22.006769  0.000e+00
      0.705     6.9124    20.8561    16.3096 5.6166e-01      2.066    1460.68     87.094     9.2405 109.335840    7.42701      0.712     3.1188  22.005366  0.000e+00
      0.703     6.9075    20.8572    16.3110 5.8608e-01      2.125    1460.66     87.089     9.2410 109.335841    7.42783      0.710     3.0883  22.003599  0.000e+00
      0.729     6.9039    20.8590    16.3127 5.4945e-01      2.029    1460.65     87.078     9.2405 109.335841    7.42838      0.736     3.1188  22.003184  0.000e+00
      0.752     6.9044    20.8586    16.3124 5.2503e-01      1.905    1460.65     87.059     9.2385 109.335842    7.42831      0.759     3.1799  22.003184  0.000e+00
      0.752     6.9043    20.8570    16.3111 5.2503e-01      1.802    1460.65     87.133     9.2464 109.335842    7.42841      0.759     3.2104  22.001468  0.000e+00
      0.776     6.9006    20.8542    16.3094 5.3724e-01      1.707    1460.63     87.137     9.2478 109.335842    7.42920      0.784     2.2336  21.996687  0.000e+00
      0.776     6.8936    20.8546    16.3104 6.7155e-01      1.656    1460.60     87.136     9.2492 109.335843    7.43043      0.784    -0.3000  21.992946  0.000e+00
      0.799     6.8863    20.8564    16.3126 7.4481e-01      1.670    1460.58     87.129     9.2500 109.335843    7.43164      0.807    -0.3000  21.990452  0.000e+00
      0.801     6.8801    20.8586    16.3149 7.5702e-01      1.692    1460.56     87.192     9.2579 109.335844    7.43264      0.808    -0.3000  21.988894  0.000e+00
      0.825     6.8753    20.8603    16.3168 7.5702e-01      1.722    1460.54     87.195     9.2591 109.335844    7.43341      0.833     0.1884  21.987803  0.000e+00
      0.825     6.8738    20.8613    16.3176 7.2039e-01      1.736    1460.53     87.190     9.2589 109.335845    7.43364      0.833     1.4705  21.987803  0.000e+00
      0.847     6.8728    20.8609    16.3175 6.4713e-01      1.729    1460.53     87.179     9.2580 109.335845    7.43384      0.856     2.2336  21.986868  0.000e+00
      0.859     6.8661    20.8600    16.3175 6.1050e-01      2.168    1460.50     87.176     9.2592 109.335846    7.43506      0.867     2.5999  21.982140  0.000e+00
      0.860     6.8518    20.8621    16.3206 5.8608e-01      8.234    1460.45     87.245     9.2695 109.335846    7.43751      0.869     2.8746  21.975803  0.000e+00
      0.883     6.8374    20.8656    16.3248 6.7155e-01     14.718    1460.39     87.243     9.2723 109.335847    7.43990      0.891     2.6304  21.970816  0.000e+00
      0.896     6.8281    20.8693    16.3286 7.4481e-01     13.355    1460.36     87.234     9.2731 109.335847    7.44139      0.905    -0.3000  21.968843  0.000e+00
      0.907     6.8251    20.8707    16.3300 7.3260e-01      9.238    1460.35     87.228     9.2731 109.335848    7.44186      0.916    -0.3000  21.968428  0.000e+00
      0.920     6.8239    20.8710    16.3304 6.5934e-01      6.168    1460.35     87.293     9.2803 109.335848    7.44207      0.929    -0.3000  21.968012  0.000e+00
      0.943     6.8228    20.8702    16.3299 6.3492e-01      4.711    1460.34     87.375     9.2892 109.335849    7.44228      0.952    -0.3000  21.966714  0.000e+00
      0.956     6.8204    20.8713    16.3310 6.7155e-01      4.088    1460.33     87.297     9.2814 109.335849    7.44266      0.965    -0.3000  21.966350  0.000e+00
      0.967     6.8233    20.8720    16.3312 6.5934e-01      3.473    1460.35     87.289     9.2799 109.335850    7.44211      0.976    -0.3000  21.968688  0.000e+00
      0.979     6.8308    20.8712    16.3299 6.5934e-01      2.864    1460.37     87.351     9.2849 109.335850    7.44082      0.988    -0.3000  21.972324  0.000e+00
      1.003     6.8380    20.8689    16.3273 6.3492e-01      2.403    1460.40     87.341     9.2824 109.335851    7.43965      1.012     1.1042  21.974297  0.000e+00
      1.003     6.8389    20.8664    16.3252 5.8608e-01      2.183    1460.40     87.327     9.2809 109.335851    7.43960      1.012     2.1420  21.972427  0.000e+00
      1.038     6.8357    20.8641    16.3238 5.7387e-01      2.117    1460.39     87.397     9.2891 109.335852    7.44029      1.048     2.6304  21.968323  0.000e+00
      1.063     6.8257    20.8644    16.3250 5.8608e-01      2.037    1460.35     87.396     9.2912 109.335852    7.44206      1.073     2.8441  21.962818  0.000e+00
      1.051     6.8160    20.8660    16.3272 6.7155e-01      1.934    1460.31     87.390     9.2926 109.335853    7.44371      1.061     2.9662  21.958664  0.000e+00
      1.087     6.8097    20.8673    16.3289 7.6923e-01      1.832    1460.29     87.388     9.2937 109.335853    7.44476      1.097     3.0883  21.956275  0.000e+00
      1.098     6.8068    20.8686    16.3302 8.1807e-01      2.161    1460.28     87.456     9.3015 109.335854    7.44523      1.109     3.1799  21.955808  0.000e+00
      1.111     6.8058    20.8698    16.3313 7.6923e-01      3.436    1460.27     87.376     9.2931 109.335854    7.44535      1.122     3.2104  21.956431  0.000e+00
      1.134     6.8046    20.8708    16.3322 7.0818e-01      3.927    1460.27     87.444     9.3006 109.335855    7.44552      1.145     3.2409  21.956639  0.000e+00
      1.147     6.8028    20.8715    16.3329 7.0818e-01      3.355    1460.26     87.441     9.3006 109.335855    7.44579      1.158     3.2714  21.956327  0.000e+00
      1.158     6.8013    20.8716    16.3332 6.8376e-01      2.667    1460.26     87.508     9.3081 109.335856    7.44606      1.169     3.2714  21.955549  0.000e+00
      1.170     6.8004    20.8718    16.3334 6.5934e-01      2.264    1460.26     87.505     9.3079 109.335856    7.44621      1.181     3.2714  21.955185  0.000e+00
      1.194     6.7997    20.8722    16.3338 7.0818e-01      2.059    1460.25     87.507     9.3082 109.335856    7.44632      1.205     3.3020  21.955133  0.000e+00
      1.207     6.7993    20.8716    16.3333 7.8144e-01      1.927    1460.25     87.503     9.3079 109.335857    7.44642      1.218     3.2714  21.954354  0.000e+00
      1.229     6.7974    20.8712    16.3332 7.6923e-01      1.978    1460.24     87.505     9.3086 109.335857    7.44677      1.241     3.3020  21.952848  0.000e+00
      1.229     6.7952    20.8710    16.3333 7.2039e-01      2.278    1460.23     87.491     9.3076 109.335858    7.44718      1.241     3.3020  21.951394  0.000e+00
      1.278     6.7927    20.8713    16.3338 7.5702e-01      2.440    1460.23     87.560     9.3155 109.335858    7.44761      1.290     3.2714  21.950252  0.000e+00
      1.265     6.7904    20.8713    16.3340 8.3028e-01      2.308    1460.22     87.557     9.3157 109.335859    7.44802      1.277     3.3020  21.948902  0.000e+00
      1.289     6.7871    20.8726    16.3354 9.2796e-01      2.183    1460.20     87.550     9.3156 109.335859    7.44855      1.302     3.3020  21.948227  0.000e+00
      1.302     6.7842    20.8752    16.3377 9.2796e-01      2.462    1460.20     87.624     9.3240 109.335860    7.44895      1.315     3.3020  21.949006  0.000e+00
      1.325     6.7822    20.8779    16.3400 8.1807e-01      2.491    1460.19     87.628     9.3246 109.335860    7.44917      1.337     3.3020  21.950461  0.000e+00
      1.325     6.7804    20.8813    16.3429 8.1807e-01      2.242    1460.19     87.625     9.3246 109.335861    7.44933      1.337     3.3020  21.952642  0.000e+00
      1.360     6.7781    20.8854    16.3464 9.5238e-01      2.022    1460.19     87.618     9.3241 109.335861    7.44954      1.373     3.3020  21.955291  0.000e+00
      1.349     6.7773    20.8884    16.3488 1.0745e+00      1.875    1460.19     87.692     9.3320 109.335862    7.44953      1.362     3.3020  21.957732  0.000e+00
      1.373     6.7779    20.8917    16.3513 1.0134e+00      1.773    1460.19     87.696     9.3320 109.335862    7.44926      1.386     3.3020  21.961264  0.000e+00
      1.398     6.7794    20.8957    16.3543 9.6459e-01      1.714    1460.20     87.693     9.3311 109.335863    7.44881      1.411     3.3020  21.965991  0.000e+00
      1.398     6.7825    20.9008    16.3580 1.0501e+00      1.678    1460.22     87.685     9.3292 109.335863    7.44801      1.411     3.3020  21.972640  0.000e+00
      1.409     6.7869    20.9049    16.3608 1.0989e+00      1.648    1460.25     87.682     9.3277 109.335864    7.44702      1.422     3.3020  21.979185  0.000e+00
      1.433     6.7916    20.9075    16.3623 1.1111e+00      1.641    1460.27     87.674     9.3256 109.335864    7.44606      1.447     3.3325  21.984433  0.000e+00
      1.445     6.7963    20.9103    16.3640 1.0379e+00      1.626    1460.29     87.661     9.3230 109.335865    7.44508      1.458     3.3325  21.989889  0.000e+00
      1.456     6.8019    20.9136    16.3661 9.5238e-01      1.612    1460.32     87.719     9.3278 109.335865    7.44393      1.470     3.3020  21.996332  0.000e+00
      1.480     6.8066    20.9159    16.3674 1.0134e+00      1.626    1460.34     87.718     9.3265 109.335866    7.44296      1.494     3.3020  22.001373  0.000e+00
      1.469     6.8110    20.9176    16.3683 9.7680e-01      1.619    1460.36     87.711     9.3247 109.335866    7.44210      1.483     3.3020  22.005531  0.000e+00
      1.505     6.8144    20.9176    16.3679 1.0012e+00      1.619    1460.37     87.701     9.3228 109.335867    7.44149      1.519     3.2714  22.007558  0.000e+00
      1.516     6.8153    20.9167    16.3671 9.8901e-01      1.604    1460.38     87.685     9.3210 109.335867    7.44137      1.530     3.3020  22.007194  0.000e+00
      1.529     6.8160    20.9143    16.3652 8.9133e-01      1.582    1460.38     87.677     9.3201 109.335868    7.44137      1.543     3.3020  22.005323  0.000e+00
      1.540     6.8154    20.9132    16.3644 8.3028e-01      1.714    1460.37     87.664     9.3189 109.335868    7.44153      1.555     3.3020  22.003919  0.000e+00
